0.0	0.00
65.1	0.00
73.0	0.00
83.0	0.00
88.9	0.00
89.2	0.00
95.1	0.00
96.1	0.00
102.0	0.00
110.9	0.00
112.8	0.00
114.2	0.00
115.9	0.00
118.0	0.00
120.2	0.00
121.1	0.00
121.1	0.00
124.0	0.00
125.2	0.00
125.9	0.00
129.9	0.00
133.0	0.00
138.0	0.00
145.0	0.00
148.1	0.00
149.0	0.01
150.0	0.01
150.0	0.01
153.1	0.01
154.0	0.01
156.9	0.01
158.1	0.01
160.9	0.01
162.8	0.01
162.8	0.01
163.1	0.01
163.1	0.01
164.0	0.01
164.0	0.01
165.9	0.01
166.9	0.01
168.1	0.01
168.1	0.01
169.0	0.01
169.0	0.01
170.0	0.01
171.2	0.01
175.0	0.01
176.0	0.01
176.0	0.01
180.0	0.01
180.0	0.01
180.0	0.01
181.0	0.01
181.9	0.01
183.1	0.01
185.0	0.01
186.0	0.01
186.0	0.01
186.0	0.01
187.9	0.01
190.0	0.01
192.2	0.01
192.9	0.01
192.9	0.01
193.1	0.01
193.8	0.01
194.1	0.01
195.0	0.01
195.0	0.01
196.0	0.01
197.2	0.01
197.9	0.01
197.9	0.01
197.9	0.02
198.8	0.02
200.0	0.02
201.0	0.02
201.0	0.02
201.9	0.02
205.0	0.02
205.0	0.02
208.1	0.02
209.1	0.02
210.0	0.02
212.0	0.02
216.0	0.02
218.9	0.02
223.2	0.02
224.1	0.02
228.9	0.02
232.0	0.02
232.9	0.02
235.1	0.02
237.0	0.02
237.9	0.02
243.9	0.02
243.9	0.02
244.1	0.02
244.9	0.02
249.1	0.02
253.9	0.02
257.0	0.02
258.0	0.02
259.9	0.02
260.1	0.02
260.1	0.02
263.0	0.02
266.1	0.02
268.0	0.02
271.8	0.02
273.0	0.02
277.0	0.02
278.0	0.02
278.0	0.02
278.9	0.02
278.9	0.02
284.0	0.02
286.1	0.02
286.8	0.02
293.0	0.02
294.0	0.02
294.0	0.02
295.2	0.02
295.2	0.03
298.0	0.03
298.0	0.03
298.0	0.03
298.0	0.03
298.0	0.03
299.2	0.03
299.2	0.03
299.9	0.03
301.1	0.03
302.1	0.03
302.8	0.03
306.8	0.03
308.0	0.03
308.0	0.03
309.0	0.03
309.9	0.03
311.1	0.03
311.9	0.03
311.9	0.03
312.1	0.03
312.1	0.03
314.0	0.03
315.0	0.03
315.9	0.03
315.9	0.03
316.1	0.03
316.9	0.03
319.0	0.03
320.0	0.03
320.0	0.03
320.9	0.03
322.1	0.03
324.0	0.03
325.0	0.03
325.0	0.03
325.0	0.03
326.2	0.03
327.1	0.03
327.1	0.03
329.0	0.03
330.9	0.03
331.9	0.03
332.8	0.03
333.1	0.03
333.1	0.03
334.0	0.03
334.0	0.03
334.0	0.03
334.0	0.04
334.0	0.04
335.0	0.04
335.9	0.04
335.9	0.04
336.2	0.04
336.2	0.04
337.8	0.04
337.8	0.04
338.1	0.04
338.1	0.04
338.1	0.04
339.0	0.04
339.0	0.04
340.0	0.04
340.0	0.04
340.9	0.04
341.9	0.04
342.1	0.04
342.8	0.04
342.8	0.04
343.1	0.04
344.0	0.04
345.0	0.04
346.2	0.04
347.1	0.04
347.9	0.04
348.1	0.04
348.1	0.04
348.1	0.04
348.1	0.04
348.8	0.04
349.0	0.04
350.0	0.04
352.1	0.04
352.9	0.04
353.1	0.04
354.1	0.04
355.0	0.04
355.0	0.04
356.0	0.04
356.0	0.04
356.0	0.04
356.0	0.04
357.9	0.04
357.9	0.04
358.1	0.04
358.8	0.04
359.1	0.04
360.0	0.05
360.0	0.05
361.0	0.05
361.0	0.05
362.2	0.05
362.9	0.05
362.9	0.05
363.8	0.05
364.1	0.05
365.0	0.05
365.0	0.05
366.0	0.05
366.9	0.05
367.2	0.05
367.2	0.05
367.2	0.05
368.1	0.05
370.0	0.05
371.0	0.05
371.2	0.05
371.9	0.05
371.9	0.05
372.9	0.05
373.8	0.05
374.1	0.05
374.1	0.05
375.0	0.05
376.0	0.05
376.9	0.05
377.2	0.05
377.9	0.05
378.1	0.05
378.8	0.05
378.8	0.05
379.1	0.05
379.1	0.05
379.1	0.05
379.1	0.05
379.1	0.05
379.1	0.05
380.0	0.05
380.0	0.05
380.0	0.05
381.0	0.05
381.9	0.05
382.9	0.05
382.9	0.05
382.9	0.05
382.9	0.05
383.1	0.05
383.1	0.06
383.9	0.06
383.9	0.06
383.9	0.06
383.9	0.06
383.9	0.06
385.0	0.06
385.0	0.06
386.0	0.06
386.0	0.06
386.0	0.06
387.9	0.06
388.1	0.06
388.1	0.06
389.1	0.06
389.8	0.06
390.1	0.06
391.0	0.06
392.0	0.06
392.0	0.06
392.2	0.06
392.9	0.06
392.9	0.06
393.2	0.06
393.9	0.06
393.9	0.06
393.9	0.06
393.9	0.06
393.9	0.06
394.1	0.06
394.8	0.06
395.1	0.06
395.1	0.06
395.1	0.06
395.1	0.06
396.0	0.06
396.0	0.06
396.0	0.06
396.0	0.06
397.0	0.06
397.0	0.06
397.9	0.06
397.9	0.06
398.9	0.06
398.9	0.06
398.9	0.06
399.1	0.06
399.1	0.06
399.1	0.06
399.1	0.07
399.8	0.07
400.1	0.07
402.0	0.07
402.0	0.07
402.9	0.07
402.9	0.07
402.9	0.07
403.9	0.07
403.9	0.07
403.9	0.07
403.9	0.07
404.1	0.07
404.1	0.07
404.1	0.07
404.1	0.07
404.8	0.07
405.1	0.07
405.1	0.07
405.1	0.07
406.0	0.07
406.0	0.07
406.0	0.07
407.0	0.07
407.0	0.07
407.9	0.07
407.9	0.07
409.1	0.07
409.8	0.07
411.0	0.07
411.0	0.07
412.0	0.07
412.0	0.07
412.0	0.07
412.0	0.07
412.0	0.07
412.0	0.07
412.0	0.07
412.9	0.07
413.2	0.07
413.9	0.07
413.9	0.07
413.9	0.07
414.1	0.07
415.8	0.07
416.0	0.07
416.0	0.07
416.0	0.07
417.0	0.07
418.2	0.08
418.2	0.08
418.2	0.08
418.9	0.08
419.9	0.08
419.9	0.08
420.1	0.08
421.0	0.08
421.0	0.08
422.0	0.08
422.0	0.08
422.0	0.08
422.0	0.08
423.0	0.08
423.2	0.08
423.2	0.08
424.1	0.08
424.9	0.08
425.1	0.08
425.8	0.08
426.1	0.08
426.1	0.08
426.1	0.08
427.0	0.08
427.0	0.08
427.0	0.08
427.0	0.08
428.0	0.08
428.9	0.08
429.2	0.08
429.2	0.08
430.1	0.08
430.8	0.08
430.8	0.08
431.1	0.08
432.0	0.08
432.0	0.08
432.0	0.08
433.0	0.08
433.0	0.08
433.0	0.08
433.0	0.08
433.2	0.08
433.9	0.08
433.9	0.08
434.2	0.08
434.2	0.08
434.2	0.08
434.2	0.08
434.2	0.08
434.9	0.09
435.8	0.09
436.1	0.09
436.1	0.09
436.1	0.09
437.0	0.09
437.0	0.09
437.0	0.09
438.0	0.09
438.0	0.09
438.0	0.09
438.0	0.09
438.0	0.09
439.9	0.09
439.9	0.09
440.8	0.09
441.1	0.09
441.1	0.09
441.1	0.09
441.8	0.09
442.0	0.09
442.0	0.09
442.0	0.09
443.0	0.09
443.0	0.09
443.9	0.09
444.2	0.09
444.2	0.09
444.9	0.09
444.9	0.09
444.9	0.09
445.1	0.09
445.8	0.09
446.1	0.09
446.1	0.09
446.1	0.09
446.1	0.09
447.0	0.09
448.9	0.09
448.9	0.09
448.9	0.09
448.9	0.09
448.9	0.09
449.2	0.09
449.9	0.09
449.9	0.09
449.9	0.09
450.1	0.09
450.1	0.09
450.8	0.10
452.0	0.10
452.0	0.10
453.0	0.10
453.0	0.10
453.9	0.10
453.9	0.10
453.9	0.10
453.9	0.10
453.9	0.10
453.9	0.10
453.9	0.10
454.9	0.10
454.9	0.10
454.9	0.10
454.9	0.10
455.9	0.10
456.8	0.10
457.0	0.10
457.0	0.10
457.0	0.10
458.0	0.10
459.0	0.10
459.0	0.10
459.0	0.10
459.0	0.10
459.9	0.10
459.9	0.10
459.9	0.10
460.1	0.10
461.1	0.10
461.1	0.10
462.1	0.10
462.1	0.10
463.0	0.10
463.0	0.10
463.0	0.10
464.0	0.10
464.0	0.10
464.0	0.10
464.0	0.10
464.0	0.10
464.9	0.10
464.9	0.10
465.2	0.10
466.1	0.10
466.1	0.10
466.1	0.10
467.1	0.10
468.0	0.11
468.0	0.11
469.0	0.11
469.0	0.11
469.0	0.11
469.9	0.11
469.9	0.11
469.9	0.11
470.2	0.11
470.2	0.11
470.9	0.11
470.9	0.11
470.9	0.11
471.1	0.11
471.1	0.11
471.1	0.11
471.1	0.11
471.8	0.11
471.8	0.11
472.1	0.11
472.8	0.11
473.0	0.11
473.0	0.11
473.0	0.11
473.0	0.11
473.0	0.11
473.0	0.11
473.0	0.11
473.0	0.11
474.0	0.11
474.0	0.11
474.0	0.11
474.9	0.11
474.9	0.11
474.9	0.11
474.9	0.11
474.9	0.11
474.9	0.11
474.9	0.11
475.2	0.11
475.2	0.11
475.2	0.11
475.9	0.11
475.9	0.11
475.9	0.11
475.9	0.11
476.1	0.11
476.1	0.11
476.1	0.11
476.8	0.12
477.1	0.12
477.1	0.12
477.1	0.12
477.1	0.12
478.0	0.12
478.0	0.12
478.0	0.12
478.0	0.12
478.0	0.12
478.0	0.12
478.0	0.12
478.0	0.12
479.0	0.12
479.0	0.12
479.0	0.12
479.0	0.12
479.0	0.12
479.2	0.12
479.9	0.12
479.9	0.12
480.9	0.12
481.1	0.12
481.1	0.12
481.8	0.12
481.8	0.12
482.1	0.12
482.1	0.12
482.1	0.12
482.1	0.12
482.1	0.12
482.8	0.12
483.0	0.12
483.0	0.12
483.0	0.12
483.0	0.12
484.0	0.12
484.0	0.12
484.0	0.12
484.0	0.12
484.9	0.12
484.9	0.12
484.9	0.12
484.9	0.12
484.9	0.12
485.2	0.12
485.2	0.12
485.9	0.12
485.9	0.12
485.9	0.12
485.9	0.13
485.9	0.13
485.9	0.13
486.1	0.13
486.9	0.13
486.9	0.13
487.1	0.13
487.1	0.13
487.1	0.13
487.1	0.13
487.1	0.13
488.0	0.13
488.0	0.13
488.0	0.13
489.0	0.13
489.0	0.13
489.0	0.13
489.0	0.13
489.0	0.13
489.0	0.13
489.0	0.13
489.0	0.13
490.0	0.13
490.0	0.13
490.0	0.13
490.0	0.13
490.0	0.13
490.2	0.13
490.9	0.13
490.9	0.13
490.9	0.13
491.1	0.13
491.9	0.13
491.9	0.13
491.9	0.13
491.9	0.13
492.1	0.13
492.1	0.13
492.1	0.13
492.8	0.13
493.0	0.13
493.0	0.13
493.0	0.13
494.0	0.13
494.0	0.13
495.0	0.13
495.0	0.13
495.0	0.13
495.0	0.13
495.0	0.14
495.0	0.14
495.2	0.14
495.9	0.14
495.9	0.14
495.9	0.14
495.9	0.14
495.9	0.14
496.1	0.14
496.9	0.14
496.9	0.14
496.9	0.14
497.1	0.14
497.1	0.14
497.1	0.14
497.1	0.14
497.1	0.14
497.1	0.14
497.1	0.14
498.1	0.14
498.1	0.14
498.1	0.14
498.1	0.14
498.1	0.14
498.1	0.14
499.0	0.14
499.0	0.14
499.0	0.14
499.0	0.14
499.0	0.14
499.0	0.14
499.0	0.14
499.0	0.14
500.0	0.14
500.0	0.14
500.0	0.14
500.0	0.14
500.0	0.14
500.0	0.14
500.0	0.14
500.0	0.14
500.0	0.14
500.9	0.14
500.9	0.14
501.2	0.14
501.2	0.14
501.9	0.14
501.9	0.14
501.9	0.14
501.9	0.15
501.9	0.15
502.1	0.15
502.1	0.15
502.1	0.15
502.8	0.15
502.8	0.15
502.8	0.15
503.1	0.15
503.1	0.15
503.8	0.15
503.8	0.15
504.0	0.15
504.0	0.15
504.0	0.15
505.0	0.15
505.0	0.15
505.0	0.15
505.0	0.15
505.0	0.15
505.0	0.15
505.0	0.15
505.0	0.15
505.2	0.15
505.9	0.15
506.2	0.15
506.2	0.15
506.2	0.15
506.9	0.15
506.9	0.15
507.1	0.15
507.1	0.15
507.1	0.15
507.1	0.15
507.1	0.15
507.1	0.15
507.1	0.15
507.8	0.15
508.1	0.15
508.1	0.15
508.1	0.15
508.1	0.15
508.1	0.15
508.1	0.15
508.8	0.15
509.0	0.15
509.0	0.15
509.0	0.15
509.0	0.15
510.0	0.15
510.0	0.16
510.0	0.16
510.0	0.16
510.0	0.16
510.0	0.16
510.9	0.16
510.9	0.16
510.9	0.16
510.9	0.16
510.9	0.16
511.2	0.16
511.9	0.16
511.9	0.16
511.9	0.16
512.1	0.16
512.1	0.16
512.8	0.16
512.8	0.16
512.8	0.16
512.8	0.16
513.1	0.16
513.1	0.16
513.1	0.16
513.1	0.16
513.1	0.16
513.1	0.16
513.1	0.16
513.1	0.16
513.1	0.16
514.0	0.16
514.0	0.16
514.0	0.16
514.0	0.16
515.0	0.16
515.0	0.16
515.0	0.16
515.0	0.16
515.0	0.16
515.0	0.16
515.0	0.16
515.0	0.16
515.0	0.16
515.9	0.16
515.9	0.16
516.2	0.16
516.2	0.16
516.9	0.16
516.9	0.16
516.9	0.16
516.9	0.17
517.1	0.17
517.8	0.17
517.8	0.17
518.8	0.17
519.0	0.17
519.0	0.17
519.0	0.17
519.0	0.17
519.0	0.17
520.0	0.17
520.0	0.17
520.0	0.17
520.0	0.17
520.0	0.17
520.0	0.17
520.9	0.17
520.9	0.17
520.9	0.17
520.9	0.17
520.9	0.17
520.9	0.17
520.9	0.17
520.9	0.17
520.9	0.17
520.9	0.17
521.2	0.17
521.9	0.17
521.9	0.17
521.9	0.17
521.9	0.17
522.1	0.17
522.1	0.17
523.1	0.17
523.1	0.17
524.0	0.17
524.0	0.17
524.0	0.17
524.0	0.17
524.0	0.17
525.0	0.17
525.0	0.17
525.0	0.17
525.0	0.17
526.0	0.17
526.0	0.17
526.0	0.17
526.0	0.17
526.0	0.17
526.0	0.18
526.0	0.18
526.0	0.18
526.0	0.18
526.2	0.18
526.2	0.18
526.9	0.18
527.1	0.18
527.1	0.18
527.1	0.18
527.9	0.18
528.1	0.18
528.1	0.18
528.1	0.18
528.1	0.18
529.1	0.18
529.1	0.18
529.1	0.18
529.1	0.18
529.1	0.18
530.0	0.18
530.0	0.18
530.0	0.18
530.0	0.18
530.0	0.18
530.0	0.18
530.0	0.18
530.0	0.18
531.0	0.18
531.0	0.18
531.0	0.18
531.2	0.18
531.9	0.18
531.9	0.18
531.9	0.18
531.9	0.18
531.9	0.18
531.9	0.18
531.9	0.18
532.2	0.18
532.2	0.18
532.2	0.18
532.9	0.18
533.1	0.18
533.1	0.18
533.1	0.18
533.1	0.18
533.1	0.18
533.1	0.18
534.1	0.18
534.1	0.19
534.1	0.19
534.1	0.19
534.1	0.19
535.0	0.19
536.0	0.19
536.0	0.19
536.9	0.19
536.9	0.19
536.9	0.19
537.2	0.19
537.2	0.19
537.2	0.19
537.9	0.19
537.9	0.19
537.9	0.19
538.1	0.19
539.1	0.19
540.0	0.19
540.0	0.19
540.0	0.19
541.0	0.19
541.0	0.19
541.0	0.19
541.0	0.19
541.0	0.19
541.0	0.19
541.0	0.19
541.0	0.19
541.0	0.19
541.0	0.19
541.9	0.19
541.9	0.19
542.2	0.19
542.9	0.19
543.1	0.19
543.1	0.19
543.1	0.19
543.1	0.19
543.8	0.19
544.1	0.19
544.8	0.19
545.0	0.19
546.0	0.19
546.0	0.19
546.0	0.19
546.9	0.19
546.9	0.19
546.9	0.19
546.9	0.20
546.9	0.20
546.9	0.20
547.2	0.20
547.2	0.20
547.9	0.20
547.9	0.20
547.9	0.20
548.1	0.20
548.1	0.20
548.8	0.20
548.8	0.20
549.1	0.20
549.1	0.20
549.1	0.20
549.1	0.20
549.1	0.20
549.8	0.20
550.0	0.20
550.0	0.20
550.0	0.20
551.0	0.20
551.0	0.20
551.0	0.20
551.0	0.20
551.0	0.20
551.9	0.20
551.9	0.20
551.9	0.20
551.9	0.20
552.2	0.20
552.2	0.20
552.2	0.20
552.2	0.20
552.9	0.20
552.9	0.20
552.9	0.20
552.9	0.20
553.1	0.20
553.1	0.20
553.1	0.20
553.1	0.20
553.1	0.20
553.1	0.20
554.1	0.20
554.1	0.20
554.1	0.20
555.0	0.20
555.0	0.20
555.0	0.21
555.0	0.21
555.0	0.21
555.0	0.21
555.0	0.21
556.0	0.21
556.0	0.21
556.0	0.21
556.9	0.21
556.9	0.21
556.9	0.21
556.9	0.21
557.9	0.21
557.9	0.21
557.9	0.21
557.9	0.21
558.1	0.21
558.1	0.21
558.1	0.21
558.9	0.21
558.9	0.21
558.9	0.21
558.9	0.21
559.1	0.21
559.1	0.21
559.1	0.21
559.1	0.21
559.1	0.21
559.1	0.21
560.0	0.21
560.0	0.21
560.0	0.21
560.0	0.21
561.0	0.21
561.0	0.21
561.0	0.21
561.0	0.21
562.0	0.21
562.0	0.21
562.2	0.21
562.9	0.21
562.9	0.21
562.9	0.21
562.9	0.21
563.1	0.21
563.1	0.21
563.9	0.21
563.9	0.21
563.9	0.21
564.1	0.22
564.1	0.22
564.1	0.22
564.1	0.22
564.1	0.22
564.8	0.22
565.1	0.22
565.1	0.22
565.1	0.22
566.0	0.22
566.0	0.22
566.0	0.22
566.0	0.22
566.0	0.22
566.0	0.22
567.0	0.22
567.0	0.22
567.0	0.22
567.0	0.22
567.0	0.22
567.0	0.22
567.9	0.22
567.9	0.22
567.9	0.22
567.9	0.22
567.9	0.22
568.2	0.22
569.1	0.22
569.1	0.22
569.1	0.22
569.1	0.22
569.8	0.22
569.8	0.22
570.1	0.22
570.1	0.22
570.1	0.22
570.1	0.22
571.0	0.22
571.0	0.22
571.0	0.22
571.0	0.22
571.0	0.22
571.0	0.22
572.0	0.22
572.0	0.22
572.0	0.22
572.0	0.22
572.0	0.22
572.0	0.22
572.0	0.22
572.0	0.23
572.2	0.23
572.9	0.23
572.9	0.23
572.9	0.23
572.9	0.23
572.9	0.23
572.9	0.23
573.2	0.23
573.9	0.23
574.1	0.23
574.1	0.23
574.1	0.23
574.8	0.23
575.1	0.23
575.1	0.23
575.1	0.23
575.1	0.23
575.1	0.23
575.1	0.23
575.1	0.23
576.0	0.23
576.0	0.23
576.0	0.23
576.0	0.23
576.0	0.23
576.0	0.23
576.0	0.23
577.0	0.23
577.9	0.23
577.9	0.23
577.9	0.23
577.9	0.23
577.9	0.23
577.9	0.23
577.9	0.23
577.9	0.23
578.2	0.23
578.9	0.23
578.9	0.23
578.9	0.23
579.1	0.23
579.1	0.23
579.1	0.23
579.1	0.23
579.8	0.23
579.8	0.23
579.8	0.23
579.8	0.23
580.1	0.24
580.1	0.24
580.8	0.24
581.0	0.24
581.0	0.24
581.0	0.24
581.0	0.24
581.0	0.24
582.0	0.24
582.0	0.24
582.2	0.24
583.2	0.24
583.2	0.24
583.2	0.24
583.2	0.24
583.2	0.24
583.9	0.24
583.9	0.24
584.8	0.24
584.8	0.24
585.1	0.24
585.1	0.24
585.1	0.24
585.1	0.24
585.8	0.24
586.0	0.24
586.0	0.24
586.0	0.24
586.0	0.24
586.0	0.24
586.0	0.24
587.0	0.24
587.0	0.24
587.2	0.24
587.9	0.24
587.9	0.24
588.2	0.24
588.2	0.24
588.9	0.24
588.9	0.24
588.9	0.24
588.9	0.24
588.9	0.24
588.9	0.24
589.1	0.24
589.1	0.24
589.8	0.24
589.8	0.24
590.1	0.24
590.1	0.25
590.1	0.25
590.1	0.25
590.8	0.25
591.0	0.25
591.0	0.25
591.0	0.25
592.0	0.25
592.0	0.25
592.0	0.25
592.0	0.25
592.0	0.25
592.0	0.25
592.0	0.25
592.0	0.25
592.9	0.25
592.9	0.25
592.9	0.25
592.9	0.25
592.9	0.25
592.9	0.25
593.2	0.25
593.2	0.25
593.9	0.25
593.9	0.25
593.9	0.25
594.1	0.25
594.1	0.25
594.9	0.25
594.9	0.25
594.9	0.25
594.9	0.25
595.1	0.25
596.0	0.25
596.0	0.25
596.0	0.25
596.0	0.25
596.0	0.25
596.0	0.25
597.0	0.25
597.0	0.25
597.0	0.25
597.0	0.25
597.0	0.25
597.0	0.25
598.0	0.25
598.0	0.25
598.0	0.25
598.0	0.25
598.9	0.25
598.9	0.26
598.9	0.26
599.1	0.26
599.1	0.26
599.1	0.26
599.1	0.26
599.9	0.26
599.9	0.26
599.9	0.26
599.9	0.26
600.8	0.26
600.8	0.26
600.8	0.26
601.1	0.26
601.1	0.26
601.1	0.26
602.0	0.26
602.0	0.26
602.0	0.26
603.0	0.26
603.0	0.26
603.0	0.26
603.0	0.26
603.0	0.26
603.0	0.26
603.0	0.26
603.0	0.26
603.2	0.26
603.9	0.26
603.9	0.26
604.9	0.26
604.9	0.26
604.9	0.26
605.1	0.26
605.1	0.26
605.1	0.26
605.1	0.26
605.1	0.26
605.1	0.26
605.1	0.26
605.1	0.26
605.8	0.26
605.8	0.26
606.1	0.26
606.8	0.26
607.0	0.26
607.0	0.26
607.0	0.26
607.0	0.26
607.0	0.27
607.0	0.27
607.0	0.27
607.0	0.27
607.0	0.27
608.0	0.27
608.0	0.27
608.0	0.27
608.0	0.27
608.0	0.27
608.0	0.27
608.9	0.27
608.9	0.27
608.9	0.27
609.9	0.27
609.9	0.27
610.1	0.27
610.1	0.27
610.1	0.27
610.8	0.27
610.8	0.27
611.1	0.27
611.1	0.27
611.1	0.27
612.0	0.27
612.0	0.27
612.0	0.27
612.0	0.27
612.0	0.27
612.0	0.27
612.0	0.27
612.0	0.27
612.0	0.27
613.0	0.27
613.0	0.27
613.0	0.27
613.0	0.27
613.9	0.27
613.9	0.27
613.9	0.27
613.9	0.27
613.9	0.27
613.9	0.27
614.2	0.27
614.2	0.27
614.2	0.27
614.9	0.27
614.9	0.27
614.9	0.27
614.9	0.28
614.9	0.28
614.9	0.28
615.1	0.28
615.1	0.28
615.8	0.28
615.8	0.28
616.1	0.28
616.1	0.28
616.1	0.28
616.1	0.28
616.1	0.28
616.1	0.28
616.1	0.28
616.1	0.28
616.1	0.28
616.8	0.28
617.0	0.28
617.0	0.28
617.0	0.28
617.0	0.28
617.0	0.28
617.0	0.28
618.0	0.28
618.0	0.28
618.0	0.28
618.0	0.28
618.9	0.28
618.9	0.28
618.9	0.28
618.9	0.28
618.9	0.28
620.1	0.28
620.1	0.28
620.1	0.28
620.1	0.28
620.1	0.28
620.8	0.28
621.1	0.28
621.1	0.28
621.1	0.28
621.1	0.28
621.1	0.28
621.1	0.28
621.1	0.28
621.1	0.28
621.8	0.28
622.0	0.28
622.0	0.28
622.0	0.28
622.0	0.29
623.0	0.29
623.0	0.29
623.0	0.29
623.0	0.29
623.9	0.29
623.9	0.29
623.9	0.29
623.9	0.29
623.9	0.29
624.2	0.29
624.2	0.29
624.9	0.29
624.9	0.29
624.9	0.29
624.9	0.29
624.9	0.29
624.9	0.29
624.9	0.29
625.1	0.29
625.8	0.29
625.8	0.29
625.8	0.29
625.8	0.29
625.8	0.29
626.1	0.29
626.1	0.29
626.1	0.29
626.1	0.29
627.0	0.29
627.0	0.29
627.0	0.29
627.0	0.29
627.0	0.29
628.0	0.29
628.0	0.29
628.0	0.29
628.0	0.29
628.0	0.29
628.9	0.29
628.9	0.29
628.9	0.29
628.9	0.29
628.9	0.29
628.9	0.29
629.2	0.29
629.2	0.29
629.9	0.29
629.9	0.29
629.9	0.30
629.9	0.30
630.1	0.30
630.1	0.30
630.1	0.30
630.1	0.30
630.9	0.30
630.9	0.30
630.9	0.30
630.9	0.30
630.9	0.30
631.1	0.30
631.1	0.30
631.1	0.30
632.0	0.30
632.0	0.30
632.0	0.30
633.0	0.30
633.0	0.30
633.0	0.30
633.0	0.30
634.0	0.30
634.0	0.30
634.0	0.30
634.2	0.30
634.2	0.30
634.2	0.30
634.9	0.30
634.9	0.30
635.9	0.30
635.9	0.30
635.9	0.30
636.1	0.30
636.1	0.30
636.1	0.30
636.1	0.30
636.1	0.30
636.1	0.30
636.1	0.30
636.8	0.30
637.1	0.30
637.1	0.30
637.1	0.30
637.1	0.30
638.0	0.30
638.0	0.30
638.0	0.30
638.0	0.30
638.0	0.30
638.0	0.31
638.0	0.31
639.0	0.31
639.0	0.31
639.0	0.31
639.0	0.31
639.0	0.31
639.2	0.31
639.9	0.31
639.9	0.31
639.9	0.31
639.9	0.31
639.9	0.31
639.9	0.31
639.9	0.31
640.2	0.31
640.9	0.31
640.9	0.31
640.9	0.31
641.1	0.31
641.1	0.31
641.1	0.31
641.8	0.31
641.8	0.31
642.1	0.31
642.1	0.31
642.1	0.31
642.1	0.31
642.1	0.31
642.8	0.31
643.0	0.31
643.0	0.31
643.0	0.31
643.0	0.31
643.0	0.31
643.0	0.31
644.0	0.31
644.0	0.31
644.0	0.31
644.0	0.31
644.0	0.31
644.0	0.31
644.0	0.31
644.9	0.31
644.9	0.31
644.9	0.31
644.9	0.31
644.9	0.31
644.9	0.31
645.2	0.32
645.2	0.32
645.2	0.32
645.2	0.32
645.2	0.32
645.2	0.32
646.1	0.32
646.1	0.32
646.1	0.32
646.1	0.32
646.1	0.32
646.8	0.32
647.8	0.32
647.8	0.32
648.0	0.32
648.0	0.32
648.0	0.32
648.0	0.32
648.0	0.32
648.0	0.32
648.0	0.32
649.0	0.32
649.0	0.32
649.0	0.32
649.0	0.32
649.0	0.32
649.0	0.32
649.0	0.32
649.0	0.32
649.2	0.32
649.9	0.32
649.9	0.32
649.9	0.32
650.2	0.32
650.2	0.32
650.2	0.32
650.2	0.32
650.2	0.32
650.9	0.32
650.9	0.32
651.8	0.32
651.8	0.32
652.1	0.32
652.1	0.32
652.1	0.32
652.1	0.32
652.1	0.32
652.1	0.32
652.1	0.32
652.8	0.32
653.0	0.33
653.0	0.33
653.0	0.33
653.0	0.33
654.0	0.33
654.0	0.33
654.0	0.33
654.0	0.33
654.0	0.33
654.0	0.33
654.0	0.33
654.0	0.33
654.9	0.33
654.9	0.33
654.9	0.33
654.9	0.33
654.9	0.33
655.2	0.33
655.9	0.33
655.9	0.33
656.1	0.33
656.8	0.33
656.8	0.33
656.8	0.33
656.8	0.33
657.1	0.33
657.1	0.33
657.1	0.33
657.1	0.33
657.1	0.33
657.8	0.33
658.0	0.33
658.0	0.33
658.0	0.33
658.0	0.33
658.0	0.33
658.0	0.33
658.0	0.33
658.0	0.33
659.0	0.33
659.0	0.33
659.0	0.33
659.0	0.33
659.9	0.33
659.9	0.33
659.9	0.33
659.9	0.33
659.9	0.33
659.9	0.33
659.9	0.34
660.9	0.34
660.9	0.34
660.9	0.34
660.9	0.34
660.9	0.34
660.9	0.34
660.9	0.34
661.1	0.34
662.1	0.34
662.1	0.34
662.1	0.34
662.1	0.34
663.0	0.34
663.0	0.34
663.0	0.34
663.0	0.34
663.0	0.34
663.0	0.34
663.0	0.34
664.0	0.34
664.0	0.34
664.0	0.34
664.0	0.34
664.0	0.34
664.0	0.34
664.0	0.34
664.0	0.34
664.9	0.34
664.9	0.34
664.9	0.34
664.9	0.34
664.9	0.34
664.9	0.34
665.2	0.34
665.9	0.34
665.9	0.34
665.9	0.34
665.9	0.34
666.1	0.34
666.1	0.34
666.9	0.34
666.9	0.34
666.9	0.34
666.9	0.34
666.9	0.34
667.1	0.34
667.8	0.34
668.0	0.34
668.0	0.35
668.0	0.35
668.0	0.35
668.0	0.35
668.0	0.35
668.0	0.35
668.8	0.35
669.0	0.35
669.0	0.35
669.0	0.35
669.0	0.35
669.0	0.35
670.0	0.35
670.0	0.35
670.0	0.35
670.0	0.35
670.0	0.35
670.0	0.35
670.2	0.35
670.9	0.35
670.9	0.35
670.9	0.35
670.9	0.35
671.1	0.35
671.1	0.35
671.9	0.35
672.1	0.35
672.1	0.35
672.8	0.35
672.8	0.35
673.1	0.35
673.1	0.35
673.1	0.35
674.0	0.35
674.0	0.35
674.0	0.35
674.0	0.35
674.0	0.35
674.0	0.35
675.0	0.35
675.0	0.35
675.0	0.35
675.0	0.35
675.0	0.35
675.0	0.35
675.0	0.35
675.0	0.35
675.0	0.35
675.0	0.35
675.2	0.35
675.2	0.36
675.9	0.36
675.9	0.36
675.9	0.36
675.9	0.36
675.9	0.36
675.9	0.36
676.2	0.36
676.2	0.36
676.9	0.36
676.9	0.36
676.9	0.36
676.9	0.36
676.9	0.36
677.1	0.36
677.1	0.36
677.1	0.36
677.1	0.36
677.1	0.36
677.1	0.36
677.8	0.36
678.1	0.36
678.1	0.36
678.1	0.36
678.1	0.36
678.1	0.36
679.0	0.36
679.0	0.36
679.0	0.36
679.0	0.36
679.0	0.36
679.0	0.36
679.0	0.36
680.0	0.36
680.0	0.36
680.0	0.36
680.0	0.36
680.0	0.36
680.0	0.36
680.0	0.36
680.9	0.36
680.9	0.36
680.9	0.36
680.9	0.36
680.9	0.36
681.2	0.36
681.2	0.36
681.2	0.36
681.2	0.36
681.9	0.37
681.9	0.37
681.9	0.37
682.1	0.37
682.1	0.37
682.1	0.37
682.1	0.37
682.8	0.37
682.8	0.37
682.8	0.37
682.8	0.37
682.8	0.37
682.8	0.37
682.8	0.37
683.1	0.37
683.1	0.37
683.1	0.37
683.1	0.37
683.1	0.37
684.0	0.37
684.0	0.37
684.0	0.37
684.0	0.37
684.0	0.37
684.0	0.37
684.0	0.37
685.0	0.37
685.0	0.37
685.0	0.37
685.0	0.37
685.0	0.37
685.0	0.37
685.0	0.37
685.2	0.37
685.2	0.37
685.9	0.37
685.9	0.37
685.9	0.37
685.9	0.37
685.9	0.37
685.9	0.37
685.9	0.37
686.2	0.37
686.9	0.37
686.9	0.37
686.9	0.37
686.9	0.37
686.9	0.37
687.1	0.37
687.1	0.38
687.1	0.38
687.8	0.38
688.1	0.38
688.1	0.38
688.1	0.38
688.1	0.38
688.1	0.38
689.0	0.38
689.0	0.38
689.0	0.38
689.0	0.38
690.0	0.38
690.0	0.38
690.0	0.38
690.0	0.38
690.2	0.38
690.9	0.38
690.9	0.38
690.9	0.38
690.9	0.38
690.9	0.38
690.9	0.38
690.9	0.38
691.2	0.38
691.2	0.38
691.9	0.38
691.9	0.38
691.9	0.38
692.1	0.38
692.1	0.38
692.1	0.38
692.1	0.38
692.1	0.38
692.1	0.38
692.8	0.38
693.1	0.38
693.1	0.38
693.1	0.38
693.8	0.38
694.0	0.38
694.0	0.38
694.0	0.38
694.0	0.38
694.0	0.38
694.0	0.38
694.0	0.38
694.0	0.38
695.0	0.38
695.0	0.38
695.0	0.39
695.0	0.39
695.0	0.39
695.0	0.39
695.0	0.39
695.0	0.39
695.0	0.39
695.0	0.39
695.2	0.39
695.9	0.39
695.9	0.39
695.9	0.39
695.9	0.39
695.9	0.39
695.9	0.39
696.2	0.39
696.9	0.39
697.1	0.39
697.1	0.39
697.1	0.39
697.1	0.39
697.1	0.39
697.9	0.39
697.9	0.39
697.9	0.39
697.9	0.39
698.1	0.39
698.1	0.39
698.1	0.39
698.8	0.39
698.8	0.39
699.0	0.39
699.0	0.39
699.0	0.39
699.0	0.39
699.0	0.39
700.0	0.39
700.0	0.39
700.0	0.39
700.0	0.39
700.0	0.39
700.0	0.39
700.0	0.39
700.0	0.39
700.0	0.39
701.0	0.39
701.0	0.39
701.0	0.39
701.0	0.39
701.0	0.40
701.0	0.40
701.2	0.40
701.2	0.40
701.9	0.40
701.9	0.40
701.9	0.40
701.9	0.40
702.1	0.40
702.9	0.40
702.9	0.40
702.9	0.40
702.9	0.40
702.9	0.40
702.9	0.40
703.1	0.40
703.1	0.40
703.8	0.40
703.8	0.40
704.1	0.40
704.1	0.40
704.1	0.40
704.1	0.40
704.1	0.40
704.1	0.40
704.1	0.40
704.1	0.40
704.1	0.40
704.1	0.40
705.0	0.40
705.0	0.40
705.0	0.40
705.0	0.40
706.0	0.40
706.0	0.40
706.0	0.40
706.0	0.40
706.0	0.40
706.0	0.40
706.0	0.40
706.2	0.40
706.2	0.40
706.9	0.40
706.9	0.40
706.9	0.40
706.9	0.40
707.1	0.40
707.1	0.40
707.9	0.40
707.9	0.41
707.9	0.41
707.9	0.41
707.9	0.41
707.9	0.41
708.1	0.41
708.8	0.41
708.8	0.41
708.8	0.41
709.1	0.41
709.1	0.41
709.1	0.41
709.1	0.41
709.1	0.41
709.1	0.41
710.0	0.41
710.0	0.41
710.0	0.41
710.0	0.41
710.0	0.41
710.0	0.41
710.0	0.41
710.0	0.41
710.0	0.41
710.0	0.41
710.0	0.41
711.0	0.41
711.0	0.41
711.0	0.41
711.0	0.41
711.2	0.41
711.9	0.41
711.9	0.41
711.9	0.41
711.9	0.41
711.9	0.41
711.9	0.41
711.9	0.41
712.2	0.41
712.2	0.41
712.2	0.41
712.9	0.41
713.1	0.41
713.1	0.41
713.8	0.41
714.1	0.41
714.1	0.41
714.1	0.41
714.1	0.41
714.1	0.42
714.1	0.42
714.1	0.42
714.1	0.42
715.0	0.42
715.0	0.42
715.0	0.42
715.0	0.42
716.0	0.42
716.0	0.42
716.0	0.42
716.9	0.42
717.2	0.42
717.9	0.42
717.9	0.42
718.1	0.42
718.1	0.42
718.8	0.42
718.8	0.42
719.1	0.42
719.1	0.42
719.1	0.42
719.1	0.42
719.1	0.42
719.1	0.42
719.8	0.42
719.8	0.42
720.0	0.42
720.0	0.42
720.0	0.42
720.0	0.42
720.0	0.42
720.0	0.42
720.0	0.42
720.0	0.42
721.0	0.42
721.0	0.42
721.0	0.42
721.0	0.42
721.0	0.42
721.0	0.42
721.0	0.42
721.2	0.42
721.9	0.42
721.9	0.42
721.9	0.42
721.9	0.42
721.9	0.42
721.9	0.42
722.2	0.42
722.2	0.43
722.2	0.43
722.9	0.43
722.9	0.43
723.1	0.43
723.1	0.43
723.1	0.43
723.8	0.43
723.8	0.43
723.8	0.43
724.1	0.43
724.1	0.43
724.1	0.43
724.1	0.43
724.1	0.43
724.1	0.43
724.1	0.43
724.1	0.43
724.1	0.43
724.1	0.43
724.8	0.43
725.0	0.43
725.0	0.43
725.0	0.43
726.0	0.43
726.0	0.43
726.0	0.43
726.0	0.43
726.0	0.43
726.0	0.43
726.2	0.43
726.2	0.43
726.2	0.43
726.9	0.43
726.9	0.43
726.9	0.43
726.9	0.43
727.2	0.43
727.2	0.43
727.9	0.43
727.9	0.43
727.9	0.43
727.9	0.43
727.9	0.43
727.9	0.43
728.1	0.43
728.8	0.43
728.8	0.43
728.8	0.43
729.1	0.44
729.1	0.44
729.1	0.44
729.1	0.44
729.8	0.44
729.8	0.44
730.0	0.44
730.0	0.44
730.0	0.44
730.0	0.44
731.0	0.44
731.0	0.44
731.0	0.44
731.0	0.44
731.0	0.44
731.2	0.44
731.9	0.44
731.9	0.44
731.9	0.44
731.9	0.44
731.9	0.44
731.9	0.44
731.9	0.44
732.2	0.44
732.2	0.44
733.1	0.44
733.1	0.44
733.1	0.44
733.1	0.44
734.1	0.44
734.1	0.44
735.0	0.44
735.0	0.44
735.0	0.44
735.0	0.44
736.0	0.44
736.0	0.44
736.0	0.44
736.0	0.44
736.0	0.44
736.0	0.44
737.0	0.44
737.0	0.44
737.0	0.44
737.0	0.44
737.2	0.44
737.2	0.44
737.9	0.44
737.9	0.44
737.9	0.45
737.9	0.45
737.9	0.45
737.9	0.45
738.1	0.45
738.1	0.45
738.9	0.45
738.9	0.45
738.9	0.45
738.9	0.45
739.1	0.45
739.1	0.45
739.8	0.45
739.8	0.45
740.1	0.45
740.1	0.45
740.1	0.45
740.1	0.45
740.1	0.45
740.1	0.45
741.0	0.45
741.0	0.45
741.0	0.45
741.0	0.45
741.0	0.45
741.0	0.45
742.0	0.45
742.0	0.45
742.0	0.45
742.0	0.45
742.0	0.45
742.9	0.45
742.9	0.45
743.9	0.45
743.9	0.45
743.9	0.45
743.9	0.45
744.1	0.45
744.1	0.45
744.1	0.45
744.8	0.45
745.1	0.45
745.1	0.45
745.1	0.45
745.1	0.45
746.0	0.45
746.0	0.45
746.0	0.45
746.0	0.45
746.0	0.45
746.0	0.46
746.0	0.46
746.0	0.46
746.0	0.46
747.0	0.46
747.0	0.46
747.0	0.46
747.0	0.46
747.0	0.46
747.0	0.46
747.0	0.46
747.0	0.46
747.9	0.46
747.9	0.46
748.2	0.46
748.9	0.46
748.9	0.46
749.1	0.46
749.1	0.46
749.8	0.46
749.8	0.46
749.8	0.46
749.8	0.46
749.8	0.46
750.1	0.46
750.1	0.46
750.1	0.46
750.1	0.46
750.1	0.46
751.0	0.46
751.0	0.46
751.0	0.46
751.0	0.46
751.0	0.46
751.0	0.46
751.0	0.46
751.0	0.46
751.0	0.46
751.0	0.46
752.0	0.46
752.0	0.46
752.0	0.46
752.0	0.46
752.0	0.46
752.0	0.46
752.0	0.46
752.0	0.46
752.9	0.46
752.9	0.46
752.9	0.47
753.2	0.47
753.9	0.47
753.9	0.47
754.1	0.47
754.1	0.47
754.1	0.47
754.1	0.47
754.1	0.47
754.1	0.47
754.8	0.47
755.1	0.47
755.1	0.47
755.1	0.47
755.1	0.47
755.1	0.47
756.0	0.47
756.0	0.47
756.0	0.47
756.0	0.47
756.0	0.47
757.0	0.47
757.0	0.47
757.0	0.47
757.0	0.47
757.0	0.47
757.0	0.47
757.0	0.47
757.0	0.47
757.0	0.47
757.0	0.47
757.0	0.47
757.2	0.47
757.2	0.47
757.9	0.47
757.9	0.47
757.9	0.47
757.9	0.47
757.9	0.47
757.9	0.47
757.9	0.47
758.2	0.47
758.9	0.47
758.9	0.47
758.9	0.47
758.9	0.47
758.9	0.47
758.9	0.47
758.9	0.47
759.1	0.48
759.1	0.48
759.8	0.48
759.8	0.48
760.1	0.48
760.1	0.48
760.1	0.48
760.1	0.48
761.0	0.48
761.0	0.48
761.0	0.48
761.0	0.48
761.0	0.48
761.0	0.48
762.0	0.48
762.0	0.48
762.0	0.48
762.0	0.48
762.0	0.48
762.0	0.48
762.0	0.48
762.0	0.48
762.0	0.48
762.0	0.48
762.0	0.48
762.0	0.48
762.0	0.48
762.9	0.48
762.9	0.48
762.9	0.48
762.9	0.48
762.9	0.48
762.9	0.48
762.9	0.48
763.9	0.48
763.9	0.48
763.9	0.48
763.9	0.48
763.9	0.48
764.8	0.48
765.1	0.48
765.1	0.48
765.1	0.48
765.1	0.48
765.1	0.48
766.0	0.48
766.0	0.48
766.0	0.48
766.0	0.48
766.0	0.48
766.0	0.49
766.0	0.49
766.0	0.49
766.0	0.49
767.0	0.49
767.0	0.49
767.0	0.49
767.0	0.49
767.0	0.49
767.9	0.49
767.9	0.49
767.9	0.49
767.9	0.49
768.2	0.49
768.9	0.49
768.9	0.49
768.9	0.49
768.9	0.49
768.9	0.49
768.9	0.49
768.9	0.49
768.9	0.49
769.1	0.49
769.1	0.49
769.1	0.49
769.1	0.49
769.1	0.49
769.1	0.49
769.9	0.49
770.1	0.49
770.1	0.49
770.1	0.49
770.1	0.49
770.8	0.49
770.8	0.49
770.8	0.49
771.0	0.49
771.0	0.49
771.0	0.49
771.0	0.49
771.0	0.49
772.0	0.49
772.0	0.49
772.0	0.49
772.0	0.49
772.0	0.49
772.0	0.49
772.0	0.49
772.0	0.49
772.0	0.50
772.0	0.50
772.0	0.50
772.0	0.50
773.0	0.50
773.0	0.50
773.0	0.50
773.0	0.50
773.0	0.50
773.2	0.50
773.9	0.50
773.9	0.50
773.9	0.50
773.9	0.50
773.9	0.50
773.9	0.50
774.1	0.50
774.9	0.50
774.9	0.50
775.1	0.50
775.1	0.50
775.1	0.50
775.1	0.50
775.1	0.50
775.1	0.50
775.1	0.50
775.8	0.50
775.8	0.50
775.8	0.50
776.1	0.50
776.1	0.50
776.1	0.50
776.1	0.50
777.0	0.50
777.0	0.50
777.0	0.50
777.0	0.50
777.0	0.50
777.0	0.50
777.0	0.50
777.0	0.50
777.0	0.50
777.0	0.50
777.0	0.50
777.0	0.50
778.0	0.50
778.0	0.50
778.0	0.50
778.0	0.50
778.0	0.51
778.0	0.51
778.0	0.51
778.2	0.51
778.9	0.51
778.9	0.51
778.9	0.51
779.2	0.51
779.2	0.51
779.2	0.51
779.2	0.51
779.9	0.51
779.9	0.51
779.9	0.51
780.1	0.51
780.1	0.51
780.1	0.51
780.1	0.51
780.8	0.51
781.1	0.51
781.1	0.51
781.1	0.51
782.0	0.51
782.0	0.51
782.0	0.51
782.0	0.51
782.0	0.51
782.0	0.51
782.0	0.51
782.0	0.51
782.0	0.51
783.0	0.51
783.0	0.51
783.0	0.51
783.0	0.51
783.9	0.51
783.9	0.51
783.9	0.51
783.9	0.51
784.2	0.51
784.2	0.51
784.2	0.51
784.2	0.51
784.9	0.51
784.9	0.51
785.1	0.51
785.1	0.51
785.1	0.51
785.1	0.51
785.1	0.52
785.1	0.52
785.8	0.52
786.1	0.52
786.1	0.52
786.1	0.52
786.1	0.52
786.1	0.52
786.8	0.52
787.0	0.52
787.0	0.52
787.0	0.52
787.0	0.52
787.0	0.52
788.0	0.52
788.0	0.52
788.0	0.52
788.0	0.52
788.0	0.52
788.0	0.52
788.9	0.52
788.9	0.52
788.9	0.52
789.2	0.52
789.2	0.52
789.9	0.52
789.9	0.52
789.9	0.52
790.1	0.52
790.1	0.52
790.1	0.52
790.8	0.52
790.8	0.52
791.1	0.52
791.1	0.52
791.1	0.52
791.1	0.52
791.1	0.52
791.1	0.52
791.1	0.52
791.1	0.52
791.8	0.52
792.0	0.52
792.0	0.52
792.0	0.52
792.0	0.52
792.0	0.52
792.0	0.52
792.0	0.52
792.0	0.52
793.0	0.53
793.0	0.53
793.0	0.53
793.0	0.53
793.0	0.53
793.2	0.53
793.9	0.53
793.9	0.53
793.9	0.53
793.9	0.53
794.2	0.53
794.2	0.53
794.9	0.53
795.1	0.53
795.1	0.53
795.1	0.53
795.8	0.53
795.8	0.53
795.8	0.53
796.1	0.53
796.1	0.53
796.1	0.53
796.1	0.53
796.1	0.53
796.1	0.53
796.1	0.53
796.1	0.53
796.1	0.53
797.0	0.53
797.0	0.53
797.0	0.53
797.0	0.53
797.0	0.53
797.0	0.53
797.0	0.53
797.0	0.53
798.0	0.53
798.0	0.53
798.0	0.53
798.0	0.53
798.9	0.53
798.9	0.53
799.2	0.53
799.2	0.53
799.2	0.53
799.9	0.53
799.9	0.53
799.9	0.53
799.9	0.53
799.9	0.54
799.9	0.54
799.9	0.54
799.9	0.54
800.1	0.54
800.8	0.54
800.8	0.54
800.8	0.54
800.8	0.54
801.1	0.54
801.1	0.54
801.1	0.54
801.1	0.54
801.1	0.54
801.1	0.54
801.1	0.54
801.1	0.54
801.1	0.54
801.8	0.54
802.0	0.54
802.0	0.54
802.0	0.54
802.0	0.54
802.0	0.54
803.0	0.54
803.0	0.54
803.0	0.54
803.0	0.54
803.0	0.54
803.0	0.54
803.0	0.54
803.0	0.54
803.0	0.54
803.9	0.54
803.9	0.54
803.9	0.54
803.9	0.54
803.9	0.54
803.9	0.54
803.9	0.54
803.9	0.54
803.9	0.54
803.9	0.54
804.9	0.54
804.9	0.54
805.1	0.54
805.1	0.54
805.9	0.54
805.9	0.54
805.9	0.55
806.1	0.55
806.1	0.55
806.1	0.55
806.1	0.55
806.1	0.55
806.1	0.55
806.8	0.55
806.8	0.55
807.0	0.55
807.0	0.55
807.0	0.55
807.0	0.55
807.0	0.55
807.0	0.55
807.0	0.55
807.0	0.55
807.0	0.55
808.0	0.55
808.0	0.55
808.0	0.55
808.0	0.55
808.0	0.55
808.0	0.55
808.0	0.55
808.0	0.55
808.0	0.55
809.0	0.55
809.0	0.55
809.0	0.55
809.0	0.55
809.0	0.55
809.2	0.55
809.2	0.55
809.2	0.55
809.9	0.55
809.9	0.55
809.9	0.55
809.9	0.55
809.9	0.55
810.1	0.55
810.1	0.55
810.1	0.55
810.9	0.55
811.1	0.55
811.1	0.55
811.1	0.55
811.1	0.55
811.1	0.55
811.1	0.55
811.1	0.56
811.1	0.56
811.8	0.56
812.1	0.56
812.1	0.56
812.1	0.56
812.1	0.56
813.0	0.56
813.0	0.56
813.0	0.56
813.0	0.56
813.0	0.56
814.0	0.56
814.0	0.56
814.2	0.56
814.2	0.56
814.9	0.56
814.9	0.56
814.9	0.56
814.9	0.56
815.9	0.56
815.9	0.56
815.9	0.56
815.9	0.56
816.1	0.56
816.8	0.56
816.8	0.56
817.1	0.56
817.1	0.56
817.1	0.56
817.1	0.56
818.0	0.56
818.0	0.56
818.0	0.56
818.0	0.56
818.0	0.56
818.0	0.56
818.0	0.56
819.0	0.56
819.0	0.56
819.0	0.56
819.0	0.56
819.0	0.56
819.0	0.56
819.0	0.56
819.0	0.56
819.0	0.56
819.0	0.56
819.9	0.56
819.9	0.57
819.9	0.57
819.9	0.57
819.9	0.57
820.2	0.57
820.2	0.57
820.2	0.57
820.9	0.57
820.9	0.57
821.1	0.57
821.1	0.57
821.1	0.57
821.1	0.57
821.8	0.57
821.8	0.57
821.8	0.57
821.8	0.57
822.1	0.57
822.1	0.57
822.1	0.57
822.1	0.57
822.1	0.57
822.1	0.57
822.1	0.57
822.1	0.57
823.0	0.57
823.0	0.57
823.0	0.57
823.0	0.57
823.0	0.57
823.0	0.57
824.0	0.57
824.0	0.57
824.0	0.57
824.0	0.57
824.0	0.57
824.9	0.57
824.9	0.57
824.9	0.57
824.9	0.57
824.9	0.57
824.9	0.57
825.2	0.57
825.2	0.57
825.2	0.57
825.9	0.57
825.9	0.57
825.9	0.57
826.1	0.57
826.1	0.58
826.8	0.58
826.8	0.58
826.8	0.58
827.1	0.58
827.1	0.58
827.1	0.58
827.1	0.58
827.1	0.58
827.1	0.58
827.8	0.58
827.8	0.58
828.0	0.58
828.0	0.58
828.0	0.58
828.0	0.58
828.0	0.58
828.0	0.58
828.0	0.58
829.0	0.58
829.0	0.58
829.0	0.58
829.0	0.58
829.9	0.58
829.9	0.58
829.9	0.58
829.9	0.58
829.9	0.58
829.9	0.58
829.9	0.58
830.2	0.58
830.2	0.58
830.9	0.58
830.9	0.58
830.9	0.58
830.9	0.58
830.9	0.58
830.9	0.58
830.9	0.58
831.1	0.58
831.1	0.58
831.8	0.58
831.8	0.58
831.8	0.58
832.1	0.58
832.1	0.58
832.1	0.58
832.1	0.58
832.1	0.58
832.8	0.58
833.0	0.59
833.0	0.59
833.0	0.59
833.0	0.59
833.0	0.59
834.0	0.59
834.0	0.59
834.0	0.59
834.0	0.59
834.0	0.59
834.9	0.59
834.9	0.59
834.9	0.59
834.9	0.59
834.9	0.59
834.9	0.59
835.2	0.59
835.2	0.59
835.9	0.59
835.9	0.59
835.9	0.59
835.9	0.59
835.9	0.59
836.1	0.59
836.1	0.59
836.1	0.59
836.1	0.59
836.1	0.59
836.1	0.59
836.8	0.59
836.8	0.59
836.8	0.59
837.1	0.59
837.1	0.59
837.1	0.59
837.8	0.59
838.0	0.59
838.0	0.59
838.0	0.59
839.0	0.59
839.0	0.59
839.0	0.59
839.0	0.59
839.0	0.59
839.0	0.59
839.9	0.59
839.9	0.59
839.9	0.59
839.9	0.59
839.9	0.60
839.9	0.60
839.9	0.60
839.9	0.60
839.9	0.60
839.9	0.60
839.9	0.60
840.9	0.60
840.9	0.60
840.9	0.60
840.9	0.60
840.9	0.60
840.9	0.60
841.1	0.60
841.1	0.60
841.1	0.60
841.1	0.60
841.1	0.60
841.9	0.60
841.9	0.60
841.9	0.60
841.9	0.60
842.1	0.60
842.1	0.60
842.8	0.60
842.8	0.60
842.8	0.60
843.0	0.60
843.0	0.60
843.0	0.60
843.0	0.60
843.0	0.60
843.0	0.60
843.0	0.60
844.0	0.60
844.0	0.60
844.0	0.60
844.0	0.60
844.0	0.60
844.0	0.60
844.0	0.60
844.0	0.60
845.0	0.60
845.0	0.60
845.0	0.60
845.0	0.60
845.0	0.60
845.0	0.60
845.0	0.60
845.0	0.61
845.0	0.61
845.0	0.61
845.2	0.61
845.9	0.61
845.9	0.61
845.9	0.61
845.9	0.61
845.9	0.61
846.1	0.61
846.9	0.61
846.9	0.61
846.9	0.61
846.9	0.61
846.9	0.61
846.9	0.61
846.9	0.61
846.9	0.61
847.1	0.61
847.1	0.61
847.8	0.61
848.1	0.61
848.1	0.61
848.1	0.61
848.1	0.61
848.1	0.61
849.0	0.61
849.0	0.61
849.0	0.61
849.0	0.61
849.0	0.61
849.0	0.61
849.0	0.61
849.0	0.61
850.0	0.61
850.0	0.61
850.0	0.61
850.2	0.61
850.2	0.61
850.9	0.61
850.9	0.61
850.9	0.61
850.9	0.61
851.2	0.61
851.9	0.61
851.9	0.61
851.9	0.61
851.9	0.61
851.9	0.61
851.9	0.62
852.1	0.62
852.1	0.62
852.1	0.62
852.1	0.62
852.1	0.62
852.8	0.62
852.8	0.62
852.8	0.62
853.1	0.62
853.1	0.62
853.1	0.62
853.1	0.62
853.1	0.62
853.1	0.62
853.1	0.62
853.1	0.62
853.1	0.62
854.0	0.62
854.0	0.62
854.0	0.62
854.0	0.62
854.0	0.62
854.0	0.62
854.0	0.62
855.0	0.62
855.0	0.62
855.0	0.62
855.2	0.62
855.9	0.62
855.9	0.62
855.9	0.62
855.9	0.62
856.2	0.62
857.1	0.62
857.1	0.62
857.1	0.62
857.8	0.62
857.8	0.62
857.8	0.62
857.8	0.62
858.1	0.62
858.1	0.62
858.1	0.62
858.1	0.62
858.1	0.62
858.1	0.62
858.1	0.62
858.1	0.62
858.1	0.62
858.1	0.63
858.8	0.63
858.8	0.63
859.0	0.63
859.0	0.63
859.0	0.63
859.0	0.63
860.0	0.63
860.0	0.63
860.0	0.63
860.2	0.63
860.9	0.63
860.9	0.63
860.9	0.63
860.9	0.63
860.9	0.63
860.9	0.63
861.2	0.63
861.2	0.63
861.2	0.63
861.9	0.63
861.9	0.63
861.9	0.63
861.9	0.63
862.1	0.63
862.1	0.63
863.1	0.63
863.1	0.63
863.1	0.63
863.1	0.63
863.1	0.63
863.1	0.63
863.1	0.63
863.1	0.63
864.0	0.63
864.0	0.63
864.0	0.63
864.0	0.63
864.0	0.63
864.0	0.63
864.0	0.63
865.0	0.63
865.0	0.63
865.0	0.63
865.0	0.63
865.0	0.63
865.0	0.63
865.2	0.63
865.9	0.63
865.9	0.64
865.9	0.64
865.9	0.64
865.9	0.64
865.9	0.64
865.9	0.64
865.9	0.64
865.9	0.64
866.2	0.64
866.9	0.64
866.9	0.64
866.9	0.64
867.1	0.64
867.1	0.64
867.1	0.64
867.1	0.64
867.8	0.64
867.8	0.64
868.1	0.64
868.1	0.64
868.1	0.64
869.0	0.64
869.0	0.64
869.0	0.64
869.0	0.64
869.0	0.64
869.0	0.64
869.0	0.64
869.0	0.64
869.0	0.64
869.0	0.64
870.0	0.64
870.0	0.64
870.0	0.64
870.0	0.64
870.0	0.64
870.0	0.64
870.0	0.64
870.0	0.64
870.0	0.64
870.0	0.64
870.0	0.64
870.0	0.64
870.9	0.64
870.9	0.64
870.9	0.64
870.9	0.64
870.9	0.64
870.9	0.64
870.9	0.65
870.9	0.65
870.9	0.65
870.9	0.65
870.9	0.65
871.2	0.65
871.9	0.65
871.9	0.65
871.9	0.65
872.1	0.65
872.1	0.65
872.9	0.65
873.1	0.65
873.1	0.65
873.8	0.65
874.0	0.65
874.0	0.65
874.0	0.65
874.0	0.65
874.0	0.65
874.0	0.65
875.0	0.65
875.0	0.65
875.0	0.65
875.0	0.65
875.0	0.65
875.0	0.65
875.0	0.65
875.0	0.65
875.0	0.65
875.9	0.65
875.9	0.65
875.9	0.65
875.9	0.65
875.9	0.65
876.2	0.65
876.2	0.65
876.9	0.65
876.9	0.65
876.9	0.65
877.1	0.65
877.1	0.65
877.1	0.65
877.1	0.65
877.1	0.65
877.1	0.65
878.1	0.65
878.1	0.65
879.0	0.65
879.0	0.65
879.0	0.66
879.0	0.66
879.0	0.66
879.0	0.66
879.0	0.66
879.0	0.66
880.0	0.66
880.0	0.66
880.0	0.66
880.0	0.66
880.0	0.66
880.0	0.66
880.0	0.66
880.0	0.66
880.0	0.66
881.0	0.66
881.0	0.66
881.0	0.66
881.0	0.66
881.0	0.66
881.0	0.66
881.9	0.66
881.9	0.66
881.9	0.66
882.1	0.66
882.1	0.66
882.9	0.66
882.9	0.66
883.1	0.66
883.1	0.66
883.1	0.66
883.8	0.66
883.8	0.66
883.8	0.66
883.8	0.66
884.1	0.66
884.1	0.66
884.1	0.66
884.1	0.66
884.1	0.66
884.1	0.66
885.0	0.66
885.0	0.66
885.0	0.66
885.0	0.66
886.0	0.66
886.0	0.66
886.0	0.66
886.0	0.66
886.2	0.67
886.2	0.67
886.9	0.67
886.9	0.67
886.9	0.67
886.9	0.67
887.9	0.67
887.9	0.67
887.9	0.67
887.9	0.67
888.1	0.67
888.1	0.67
888.1	0.67
888.8	0.67
888.8	0.67
889.1	0.67
889.1	0.67
889.1	0.67
889.1	0.67
890.0	0.67
890.0	0.67
890.0	0.67
890.0	0.67
890.0	0.67
890.0	0.67
890.0	0.67
890.0	0.67
890.0	0.67
890.0	0.67
891.0	0.67
891.0	0.67
891.0	0.67
891.0	0.67
891.0	0.67
891.0	0.67
891.0	0.67
891.0	0.67
891.2	0.67
891.9	0.67
891.9	0.67
891.9	0.67
892.2	0.67
892.2	0.67
892.2	0.67
892.9	0.67
892.9	0.67
892.9	0.67
893.1	0.67
893.1	0.67
893.1	0.68
893.8	0.68
893.8	0.68
893.8	0.68
894.1	0.68
894.1	0.68
894.1	0.68
894.1	0.68
894.1	0.68
894.1	0.68
894.1	0.68
894.1	0.68
895.0	0.68
895.0	0.68
895.0	0.68
895.0	0.68
896.0	0.68
896.0	0.68
896.0	0.68
896.0	0.68
896.0	0.68
896.0	0.68
896.0	0.68
896.0	0.68
896.0	0.68
896.2	0.68
896.9	0.68
896.9	0.68
896.9	0.68
896.9	0.68
896.9	0.68
896.9	0.68
896.9	0.68
896.9	0.68
896.9	0.68
896.9	0.68
896.9	0.68
896.9	0.68
897.2	0.68
897.9	0.68
897.9	0.68
897.9	0.68
897.9	0.68
898.1	0.68
898.1	0.68
898.8	0.68
898.8	0.68
899.1	0.68
899.1	0.68
899.1	0.68
899.1	0.69
899.1	0.69
899.1	0.69
899.1	0.69
899.1	0.69
899.1	0.69
900.0	0.69
900.0	0.69
900.0	0.69
900.0	0.69
901.0	0.69
901.0	0.69
901.0	0.69
901.0	0.69
901.9	0.69
902.2	0.69
902.2	0.69
902.9	0.69
902.9	0.69
902.9	0.69
902.9	0.69
902.9	0.69
902.9	0.69
903.1	0.69
903.1	0.69
903.8	0.69
903.8	0.69
903.8	0.69
903.8	0.69
903.8	0.69
903.8	0.69
904.1	0.69
904.1	0.69
904.1	0.69
904.1	0.69
904.1	0.69
904.8	0.69
905.0	0.69
905.0	0.69
905.0	0.69
905.0	0.69
905.0	0.69
906.0	0.69
906.0	0.69
906.0	0.69
906.0	0.69
906.0	0.69
906.0	0.69
906.0	0.69
906.0	0.70
906.0	0.70
906.0	0.70
906.0	0.70
906.2	0.70
906.2	0.70
906.9	0.70
906.9	0.70
906.9	0.70
907.2	0.70
907.9	0.70
907.9	0.70
908.1	0.70
908.1	0.70
908.1	0.70
908.1	0.70
908.9	0.70
908.9	0.70
908.9	0.70
908.9	0.70
908.9	0.70
909.1	0.70
909.1	0.70
909.1	0.70
909.1	0.70
909.1	0.70
910.0	0.70
910.0	0.70
910.0	0.70
910.0	0.70
910.0	0.70
910.0	0.70
910.0	0.70
910.0	0.70
911.0	0.70
911.0	0.70
911.0	0.70
911.0	0.70
911.0	0.70
911.0	0.70
911.0	0.70
912.0	0.70
912.0	0.70
912.0	0.70
912.0	0.70
912.2	0.70
912.2	0.70
912.9	0.70
912.9	0.70
912.9	0.71
912.9	0.71
913.1	0.71
913.1	0.71
913.9	0.71
913.9	0.71
913.9	0.71
913.9	0.71
914.1	0.71
914.1	0.71
914.1	0.71
914.1	0.71
914.1	0.71
914.1	0.71
914.1	0.71
914.8	0.71
915.1	0.71
915.1	0.71
915.1	0.71
915.1	0.71
915.1	0.71
915.1	0.71
916.0	0.71
916.0	0.71
916.0	0.71
916.0	0.71
916.0	0.71
916.0	0.71
916.0	0.71
916.0	0.71
916.0	0.71
917.0	0.71
917.0	0.71
917.0	0.71
917.0	0.71
917.0	0.71
917.0	0.71
917.2	0.71
917.2	0.71
917.9	0.71
917.9	0.71
917.9	0.71
917.9	0.71
917.9	0.71
917.9	0.71
918.1	0.71
918.1	0.71
918.1	0.71
918.9	0.71
918.9	0.72
919.1	0.72
919.1	0.72
919.8	0.72
920.1	0.72
920.1	0.72
920.1	0.72
920.1	0.72
920.1	0.72
920.8	0.72
921.0	0.72
921.0	0.72
921.0	0.72
921.0	0.72
921.0	0.72
921.0	0.72
922.0	0.72
922.0	0.72
922.0	0.72
922.0	0.72
922.0	0.72
922.0	0.72
922.9	0.72
922.9	0.72
922.9	0.72
922.9	0.72
923.2	0.72
923.2	0.72
923.2	0.72
923.2	0.72
923.9	0.72
923.9	0.72
923.9	0.72
923.9	0.72
923.9	0.72
924.1	0.72
924.8	0.72
924.8	0.72
924.8	0.72
924.8	0.72
924.8	0.72
925.1	0.72
925.1	0.72
925.1	0.72
925.1	0.72
925.1	0.72
926.0	0.72
926.0	0.72
926.0	0.72
926.0	0.72
926.0	0.73
926.0	0.73
926.0	0.73
926.0	0.73
926.0	0.73
926.0	0.73
926.0	0.73
927.0	0.73
927.0	0.73
927.0	0.73
927.0	0.73
927.0	0.73
927.0	0.73
927.0	0.73
927.0	0.73
927.2	0.73
927.9	0.73
927.9	0.73
927.9	0.73
927.9	0.73
927.9	0.73
927.9	0.73
928.2	0.73
928.2	0.73
928.2	0.73
928.9	0.73
928.9	0.73
928.9	0.73
929.1	0.73
929.1	0.73
929.8	0.73
929.8	0.73
929.8	0.73
930.1	0.73
930.1	0.73
930.1	0.73
930.1	0.73
930.1	0.73
930.1	0.73
930.1	0.73
930.1	0.73
930.1	0.73
930.1	0.73
930.1	0.73
930.1	0.73
931.0	0.73
932.0	0.73
932.0	0.73
932.0	0.73
932.0	0.74
932.0	0.74
932.0	0.74
932.2	0.74
932.9	0.74
932.9	0.74
932.9	0.74
933.2	0.74
933.2	0.74
933.9	0.74
933.9	0.74
933.9	0.74
933.9	0.74
934.1	0.74
934.1	0.74
934.1	0.74
934.8	0.74
934.8	0.74
934.8	0.74
934.8	0.74
935.1	0.74
935.1	0.74
935.1	0.74
935.1	0.74
935.8	0.74
936.0	0.74
936.0	0.74
936.0	0.74
936.0	0.74
936.0	0.74
936.0	0.74
936.0	0.74
936.0	0.74
936.0	0.74
936.0	0.74
937.0	0.74
937.0	0.74
937.0	0.74
937.0	0.74
937.0	0.74
937.0	0.74
937.0	0.74
937.0	0.74
937.0	0.74
937.0	0.74
937.9	0.74
937.9	0.74
937.9	0.74
937.9	0.74
938.2	0.75
938.2	0.75
938.9	0.75
938.9	0.75
939.1	0.75
939.8	0.75
939.8	0.75
939.8	0.75
940.1	0.75
940.1	0.75
941.0	0.75
941.0	0.75
941.0	0.75
941.0	0.75
941.0	0.75
941.0	0.75
941.0	0.75
941.0	0.75
942.0	0.75
942.0	0.75
942.0	0.75
942.0	0.75
942.0	0.75
942.0	0.75
942.9	0.75
942.9	0.75
943.2	0.75
943.2	0.75
943.9	0.75
943.9	0.75
943.9	0.75
943.9	0.75
943.9	0.75
943.9	0.75
943.9	0.75
943.9	0.75
943.9	0.75
944.1	0.75
944.1	0.75
944.9	0.75
944.9	0.75
945.1	0.75
945.1	0.75
945.1	0.75
945.1	0.75
945.1	0.75
945.8	0.75
946.0	0.75
946.0	0.75
946.0	0.75
946.0	0.76
946.0	0.76
946.0	0.76
947.0	0.76
947.0	0.76
947.0	0.76
947.0	0.76
947.0	0.76
948.0	0.76
948.0	0.76
948.0	0.76
948.9	0.76
948.9	0.76
948.9	0.76
948.9	0.76
949.1	0.76
949.1	0.76
949.9	0.76
949.9	0.76
950.1	0.76
950.1	0.76
950.1	0.76
950.1	0.76
950.1	0.76
950.1	0.76
950.8	0.76
950.8	0.76
951.1	0.76
951.1	0.76
952.0	0.76
952.0	0.76
952.0	0.76
952.0	0.76
952.0	0.76
953.0	0.76
953.0	0.76
953.0	0.76
953.0	0.76
953.0	0.76
953.0	0.76
953.0	0.76
953.0	0.76
953.9	0.76
953.9	0.76
954.2	0.76
954.9	0.76
954.9	0.76
954.9	0.76
955.1	0.76
955.1	0.77
955.1	0.77
955.1	0.77
956.1	0.77
956.1	0.77
956.1	0.77
956.1	0.77
956.1	0.77
956.1	0.77
956.1	0.77
957.0	0.77
957.0	0.77
957.0	0.77
957.0	0.77
957.0	0.77
958.0	0.77
958.0	0.77
958.0	0.77
958.0	0.77
958.0	0.77
958.0	0.77
958.0	0.77
958.2	0.77
958.2	0.77
958.9	0.77
958.9	0.77
958.9	0.77
958.9	0.77
959.2	0.77
959.2	0.77
960.1	0.77
960.1	0.77
960.1	0.77
960.1	0.77
960.8	0.77
961.1	0.77
961.1	0.77
961.1	0.77
961.1	0.77
961.1	0.77
961.1	0.77
962.0	0.77
962.0	0.77
963.0	0.77
963.0	0.77
963.0	0.77
963.0	0.77
963.0	0.77
963.9	0.77
963.9	0.78
963.9	0.78
964.9	0.78
964.9	0.78
965.1	0.78
965.1	0.78
965.8	0.78
966.1	0.78
966.1	0.78
966.1	0.78
966.8	0.78
967.0	0.78
967.0	0.78
967.0	0.78
967.0	0.78
967.0	0.78
967.0	0.78
967.0	0.78
967.0	0.78
967.0	0.78
968.0	0.78
968.0	0.78
968.0	0.78
968.0	0.78
968.0	0.78
968.0	0.78
968.9	0.78
968.9	0.78
969.2	0.78
969.2	0.78
969.2	0.78
969.2	0.78
969.2	0.78
969.9	0.78
969.9	0.78
969.9	0.78
970.1	0.78
970.1	0.78
970.1	0.78
970.1	0.78
971.1	0.78
971.1	0.78
971.1	0.78
971.1	0.78
971.8	0.78
972.0	0.78
972.0	0.78
972.0	0.78
972.0	0.78
972.0	0.78
972.0	0.79
972.0	0.79
972.0	0.79
972.0	0.79
972.0	0.79
973.0	0.79
973.0	0.79
973.0	0.79
973.0	0.79
973.9	0.79
973.9	0.79
973.9	0.79
973.9	0.79
973.9	0.79
973.9	0.79
973.9	0.79
973.9	0.79
973.9	0.79
973.9	0.79
973.9	0.79
974.2	0.79
974.2	0.79
974.9	0.79
974.9	0.79
974.9	0.79
974.9	0.79
975.8	0.79
975.8	0.79
975.8	0.79
975.8	0.79
975.8	0.79
976.1	0.79
976.1	0.79
976.1	0.79
976.1	0.79
976.1	0.79
976.1	0.79
976.1	0.79
977.0	0.79
977.0	0.79
977.0	0.79
978.0	0.79
978.0	0.79
978.0	0.79
978.0	0.79
978.0	0.79
978.0	0.79
978.0	0.79
978.9	0.79
978.9	0.80
978.9	0.80
978.9	0.80
978.9	0.80
979.2	0.80
979.9	0.80
979.9	0.80
979.9	0.80
979.9	0.80
979.9	0.80
980.1	0.80
981.1	0.80
981.1	0.80
981.1	0.80
981.1	0.80
981.1	0.80
981.1	0.80
981.1	0.80
982.0	0.80
982.0	0.80
982.0	0.80
982.0	0.80
982.0	0.80
983.0	0.80
983.0	0.80
983.0	0.80
984.0	0.80
984.0	0.80
984.0	0.80
984.0	0.80
984.2	0.80
984.9	0.80
984.9	0.80
984.9	0.80
984.9	0.80
985.1	0.80
985.1	0.80
985.1	0.80
985.1	0.80
985.1	0.80
985.9	0.80
986.1	0.80
986.1	0.80
986.1	0.80
986.1	0.80
986.1	0.80
987.1	0.80
987.1	0.80
987.1	0.80
987.1	0.81
987.1	0.81
987.1	0.81
987.1	0.81
987.1	0.81
988.0	0.81
989.0	0.81
989.0	0.81
989.0	0.81
989.0	0.81
989.0	0.81
989.0	0.81
989.0	0.81
989.9	0.81
990.2	0.81
990.2	0.81
990.2	0.81
990.9	0.81
990.9	0.81
990.9	0.81
990.9	0.81
990.9	0.81
990.9	0.81
991.1	0.81
991.1	0.81
991.1	0.81
991.1	0.81
991.8	0.81
991.8	0.81
991.8	0.81
992.1	0.81
992.1	0.81
992.1	0.81
992.1	0.81
992.1	0.81
992.1	0.81
993.0	0.81
993.0	0.81
993.0	0.81
994.0	0.81
994.2	0.81
994.9	0.81
994.9	0.81
994.9	0.81
994.9	0.81
995.9	0.81
996.1	0.81
996.1	0.81
996.1	0.81
996.1	0.82
996.8	0.82
997.1	0.82
997.1	0.82
997.1	0.82
997.1	0.82
998.0	0.82
998.0	0.82
998.0	0.82
998.0	0.82
998.0	0.82
999.0	0.82
999.0	0.82
999.0	0.82
999.2	0.82
999.9	0.82
999.9	0.82
999.9	0.82
1000.2	0.82
1000.2	0.82
1000.2	0.82
1000.9	0.82
1001.1	0.82
1001.1	0.82
1001.8	0.82
1001.8	0.82
1002.1	0.82
1002.1	0.82
1002.1	0.82
1002.1	0.82
1002.1	0.82
1003.0	0.82
1003.0	0.82
1003.0	0.82
1003.0	0.82
1003.0	0.82
1003.0	0.82
1003.0	0.82
1004.0	0.82
1004.0	0.82
1004.0	0.82
1004.0	0.82
1004.9	0.82
1004.9	0.82
1004.9	0.82
1004.9	0.82
1005.2	0.82
1005.2	0.82
1005.9	0.82
1005.9	0.82
1006.1	0.83
1006.1	0.83
1006.1	0.83
1007.1	0.83
1007.1	0.83
1007.1	0.83
1007.1	0.83
1007.1	0.83
1008.0	0.83
1008.0	0.83
1008.0	0.83
1008.0	0.83
1008.0	0.83
1008.0	0.83
1008.0	0.83
1009.0	0.83
1009.0	0.83
1009.0	0.83
1009.0	0.83
1009.9	0.83
1009.9	0.83
1009.9	0.83
1009.9	0.83
1009.9	0.83
1010.2	0.83
1010.2	0.83
1010.2	0.83
1010.9	0.83
1011.1	0.83
1011.1	0.83
1011.1	0.83
1011.1	0.83
1011.8	0.83
1012.1	0.83
1012.1	0.83
1012.1	0.83
1012.8	0.83
1013.0	0.83
1013.0	0.83
1013.0	0.83
1013.0	0.83
1013.0	0.83
1014.0	0.83
1014.0	0.83
1014.0	0.83
1014.0	0.83
1014.9	0.83
1014.9	0.83
1014.9	0.83
1015.2	0.84
1015.9	0.84
1015.9	0.84
1015.9	0.84
1016.1	0.84
1016.9	0.84
1017.1	0.84
1017.1	0.84
1017.1	0.84
1017.1	0.84
1017.8	0.84
1017.8	0.84
1017.8	0.84
1018.0	0.84
1018.0	0.84
1018.0	0.84
1018.0	0.84
1019.0	0.84
1019.0	0.84
1019.0	0.84
1019.0	0.84
1020.0	0.84
1020.9	0.84
1021.1	0.84
1021.1	0.84
1021.9	0.84
1021.9	0.84
1021.9	0.84
1022.1	0.84
1022.1	0.84
1022.1	0.84
1022.1	0.84
1022.1	0.84
1022.1	0.84
1023.1	0.84
1023.1	0.84
1023.1	0.84
1023.1	0.84
1023.1	0.84
1023.1	0.84
1024.0	0.84
1024.0	0.84
1024.0	0.84
1024.0	0.84
1024.0	0.84
1025.0	0.84
1025.0	0.84
1025.0	0.84
1025.0	0.84
1025.0	0.85
1025.0	0.85
1025.0	0.85
1025.2	0.85
1025.9	0.85
1025.9	0.85
1025.9	0.85
1025.9	0.85
1025.9	0.85
1025.9	0.85
1026.2	0.85
1026.2	0.85
1026.9	0.85
1026.9	0.85
1026.9	0.85
1026.9	0.85
1027.1	0.85
1027.1	0.85
1027.1	0.85
1027.1	0.85
1027.1	0.85
1027.8	0.85
1028.1	0.85
1028.1	0.85
1028.1	0.85
1028.8	0.85
1029.0	0.85
1029.0	0.85
1029.0	0.85
1029.0	0.85
1030.0	0.85
1030.0	0.85
1030.0	0.85
1030.0	0.85
1030.2	0.85
1030.9	0.85
1030.9	0.85
1030.9	0.85
1030.9	0.85
1030.9	0.85
1030.9	0.85
1030.9	0.85
1032.1	0.85
1032.1	0.85
1032.1	0.85
1032.1	0.85
1032.1	0.85
1032.8	0.85
1032.8	0.85
1032.8	0.85
1032.8	0.86
1033.1	0.86
1033.1	0.86
1033.1	0.86
1033.1	0.86
1033.1	0.86
1034.0	0.86
1034.0	0.86
1034.0	0.86
1035.0	0.86
1035.0	0.86
1035.9	0.86
1035.9	0.86
1036.2	0.86
1036.9	0.86
1036.9	0.86
1036.9	0.86
1036.9	0.86
1037.1	0.86
1037.1	0.86
1037.1	0.86
1037.8	0.86
1038.1	0.86
1038.8	0.86
1038.8	0.86
1040.0	0.86
1040.0	0.86
1040.0	0.86
1040.0	0.86
1040.9	0.86
1040.9	0.86
1040.9	0.86
1040.9	0.86
1040.9	0.86
1041.9	0.86
1041.9	0.86
1041.9	0.86
1041.9	0.86
1042.1	0.86
1042.8	0.86
1043.1	0.86
1043.1	0.86
1043.8	0.86
1044.0	0.86
1045.0	0.86
1045.9	0.86
1045.9	0.86
1045.9	0.86
1045.9	0.86
1046.2	0.87
1046.2	0.87
1047.1	0.87
1047.8	0.87
1048.1	0.87
1048.1	0.87
1048.1	0.87
1049.0	0.87
1049.0	0.87
1049.0	0.87
1050.0	0.87
1050.0	0.87
1050.0	0.87
1050.0	0.87
1050.0	0.87
1050.9	0.87
1050.9	0.87
1050.9	0.87
1050.9	0.87
1050.9	0.87
1051.2	0.87
1051.2	0.87
1051.9	0.87
1052.1	0.87
1052.9	0.87
1052.9	0.87
1053.1	0.87
1053.1	0.87
1054.0	0.87
1054.0	0.87
1054.0	0.87
1054.0	0.87
1054.0	0.87
1055.0	0.87
1055.0	0.87
1055.0	0.87
1055.0	0.87
1056.0	0.87
1056.0	0.87
1056.9	0.87
1056.9	0.87
1057.1	0.87
1057.1	0.87
1057.1	0.87
1057.9	0.87
1057.9	0.87
1058.1	0.87
1058.1	0.87
1059.1	0.87
1059.8	0.88
1060.0	0.88
1060.0	0.88
1060.0	0.88
1061.0	0.88
1061.0	0.88
1061.0	0.88
1061.0	0.88
1061.0	0.88
1061.0	0.88
1061.0	0.88
1061.9	0.88
1062.2	0.88
1062.9	0.88
1062.9	0.88
1063.1	0.88
1063.1	0.88
1063.1	0.88
1064.1	0.88
1064.1	0.88
1065.0	0.88
1065.0	0.88
1065.0	0.88
1066.0	0.88
1066.9	0.88
1067.2	0.88
1067.9	0.88
1067.9	0.88
1068.1	0.88
1068.1	0.88
1068.1	0.88
1069.1	0.88
1070.0	0.88
1070.0	0.88
1070.0	0.88
1070.0	0.88
1070.0	0.88
1071.0	0.88
1071.0	0.88
1071.9	0.88
1072.2	0.88
1073.1	0.88
1073.1	0.88
1073.1	0.88
1073.8	0.88
1074.1	0.88
1075.0	0.88
1076.0	0.88
1076.0	0.88
1076.0	0.88
1076.9	0.89
1076.9	0.89
1077.9	0.89
1077.9	0.89
1077.9	0.89
1078.1	0.89
1078.1	0.89
1079.8	0.89
1080.0	0.89
1081.0	0.89
1081.0	0.89
1081.0	0.89
1081.9	0.89
1081.9	0.89
1081.9	0.89
1082.9	0.89
1082.9	0.89
1082.9	0.89
1082.9	0.89
1083.1	0.89
1083.1	0.89
1083.9	0.89
1084.1	0.89
1084.1	0.89
1084.1	0.89
1084.8	0.89
1085.0	0.89
1085.0	0.89
1085.0	0.89
1086.0	0.89
1086.0	0.89
1086.0	0.89
1089.1	0.89
1089.1	0.89
1089.1	0.89
1090.0	0.89
1091.0	0.89
1091.0	0.89
1091.0	0.89
1092.0	0.89
1092.2	0.89
1092.9	0.89
1092.9	0.89
1093.1	0.89
1093.1	0.89
1093.9	0.89
1093.9	0.89
1093.9	0.89
1094.1	0.89
1095.1	0.90
1095.1	0.90
1096.0	0.90
1097.0	0.90
1097.0	0.90
1097.0	0.90
1097.9	0.90
1098.2	0.90
1098.9	0.90
1100.1	0.90
1100.1	0.90
1101.0	0.90
1101.0	0.90
1101.0	0.90
1101.0	0.90
1101.0	0.90
1101.0	0.90
1102.0	0.90
1102.0	0.90
1102.9	0.90
1102.9	0.90
1102.9	0.90
1102.9	0.90
1103.2	0.90
1104.1	0.90
1104.1	0.90
1105.1	0.90
1106.0	0.90
1106.0	0.90
1107.0	0.90
1107.0	0.90
1107.9	0.90
1107.9	0.90
1108.2	0.90
1108.9	0.90
1108.9	0.90
1111.0	0.90
1111.0	0.90
1111.0	0.90
1111.0	0.90
1111.0	0.90
1111.0	0.90
1112.0	0.90
1112.0	0.90
1112.0	0.90
1113.2	0.90
1113.9	0.90
1113.9	0.90
1114.1	0.90
1114.8	0.91
1115.1	0.91
1115.1	0.91
1115.1	0.91
1116.0	0.91
1116.0	0.91
1117.0	0.91
1117.0	0.91
1117.9	0.91
1117.9	0.91
1118.2	0.91
1118.9	0.91
1118.9	0.91
1119.1	0.91
1119.9	0.91
1120.1	0.91
1120.1	0.91
1120.1	0.91
1120.1	0.91
1120.1	0.91
1121.0	0.91
1121.0	0.91
1121.0	0.91
1122.0	0.91
1122.0	0.91
1123.0	0.91
1123.0	0.91
1123.0	0.91
1123.0	0.91
1123.0	0.91
1123.9	0.91
1123.9	0.91
1123.9	0.91
1124.9	0.91
1124.9	0.91
1124.9	0.91
1125.1	0.91
1125.1	0.91
1125.1	0.91
1126.1	0.91
1126.1	0.91
1126.8	0.91
1127.0	0.91
1128.0	0.91
1128.2	0.91
1128.2	0.91
1129.9	0.91
1130.1	0.91
1131.1	0.91
1132.0	0.92
1132.0	0.92
1133.0	0.92
1133.0	0.92
1133.0	0.92
1133.9	0.92
1135.1	0.92
1135.1	0.92
1135.8	0.92
1136.1	0.92
1137.0	0.92
1137.0	0.92
1138.0	0.92
1138.9	0.92
1139.2	0.92
1139.2	0.92
1139.9	0.92
1139.9	0.92
1140.1	0.92
1141.1	0.92
1141.1	0.92
1141.1	0.92
1141.8	0.92
1142.0	0.92
1142.0	0.92
1142.0	0.92
1142.0	0.92
1143.0	0.92
1143.0	0.92
1143.2	0.92
1143.9	0.92
1146.1	0.92
1146.1	0.92
1147.0	0.92
1147.0	0.92
1148.0	0.92
1148.0	0.92
1148.2	0.92
1149.2	0.92
1149.2	0.92
1149.9	0.92
1149.9	0.92
1149.9	0.92
1149.9	0.92
1150.1	0.92
1150.1	0.92
1151.1	0.92
1151.1	0.92
1152.0	0.92
1153.0	0.92
1153.9	0.93
1153.9	0.93
1153.9	0.93
1154.9	0.93
1155.1	0.93
1155.9	0.93
1156.1	0.93
1157.0	0.93
1157.0	0.93
1158.0	0.93
1159.0	0.93
1159.2	0.93
1159.9	0.93
1160.1	0.93
1160.9	0.93
1161.1	0.93
1161.1	0.93
1162.1	0.93
1162.1	0.93
1162.1	0.93
1163.0	0.93
1164.0	0.93
1164.0	0.93
1164.0	0.93
1164.9	0.93
1164.9	0.93
1164.9	0.93
1164.9	0.93
1165.9	0.93
1166.1	0.93
1166.1	0.93
1166.8	0.93
1167.1	0.93
1167.1	0.93
1167.1	0.93
1167.1	0.93
1168.0	0.93
1169.0	0.93
1169.0	0.93
1169.0	0.93
1170.9	0.93
1170.9	0.93
1171.1	0.93
1171.8	0.93
1172.1	0.93
1172.1	0.93
1172.1	0.93
1172.1	0.93
1173.0	0.93
1173.0	0.94
1173.0	0.94
1174.0	0.94
1174.0	0.94
1174.9	0.94
1174.9	0.94
1176.1	0.94
1176.1	0.94
1176.1	0.94
1177.1	0.94
1178.0	0.94
1178.0	0.94
1179.0	0.94
1179.9	0.94
1179.9	0.94
1179.9	0.94
1180.9	0.94
1180.9	0.94
1181.1	0.94
1181.8	0.94
1181.8	0.94
1183.0	0.94
1184.0	0.94
1184.9	0.94
1184.9	0.94
1184.9	0.94
1185.9	0.94
1185.9	0.94
1186.1	0.94
1187.1	0.94
1188.0	0.94
1189.0	0.94
1189.0	0.94
1189.0	0.94
1190.2	0.94
1190.9	0.94
1192.1	0.94
1193.0	0.94
1194.0	0.94
1194.0	0.94
1195.0	0.94
1195.0	0.94
1195.9	0.94
1195.9	0.94
1196.1	0.94
1196.1	0.94
1196.9	0.94
1197.1	0.94
1197.1	0.94
1198.1	0.95
1200.9	0.95
1200.9	0.95
1201.9	0.95
1201.9	0.95
1202.1	0.95
1202.8	0.95
1203.1	0.95
1203.8	0.95
1204.0	0.95
1204.0	0.95
1205.0	0.95
1205.0	0.95
1205.0	0.95
1205.9	0.95
1205.9	0.95
1206.2	0.95
1211.2	0.95
1214.0	0.95
1214.0	0.95
1214.0	0.95
1214.0	0.95
1214.0	0.95
1215.0	0.95
1215.0	0.95
1215.0	0.95
1215.9	0.95
1215.9	0.95
1216.2	0.95
1216.9	0.95
1217.1	0.95
1218.1	0.95
1218.1	0.95
1219.0	0.95
1220.0	0.95
1221.2	0.95
1221.2	0.95
1221.9	0.95
1223.1	0.95
1223.8	0.95
1224.0	0.95
1224.0	0.95
1224.0	0.95
1224.0	0.95
1224.0	0.95
1225.0	0.95
1225.0	0.95
1225.0	0.95
1227.1	0.95
1228.1	0.95
1229.0	0.96
1229.0	0.96
1229.0	0.96
1230.0	0.96
1231.9	0.96
1231.9	0.96
1232.1	0.96
1234.1	0.96
1235.0	0.96
1236.0	0.96
1236.0	0.96
1236.2	0.96
1236.9	0.96
1237.2	0.96
1238.1	0.96
1239.1	0.96
1239.1	0.96
1240.0	0.96
1241.9	0.96
1241.9	0.96
1242.9	0.96
1243.1	0.96
1243.1	0.96
1244.1	0.96
1244.1	0.96
1245.0	0.96
1246.0	0.96
1246.0	0.96
1246.0	0.96
1246.9	0.96
1246.9	0.96
1246.9	0.96
1248.1	0.96
1249.8	0.96
1250.0	0.96
1253.1	0.96
1253.8	0.96
1254.1	0.96
1254.1	0.96
1255.0	0.96
1261.0	0.96
1261.9	0.96
1262.9	0.96
1264.1	0.96
1265.0	0.96
1267.9	0.96
1268.9	0.96
1271.0	0.96
1272.0	0.96
1272.0	0.97
1272.2	0.97
1273.2	0.97
1274.1	0.97
1274.1	0.97
1274.8	0.97
1275.1	0.97
1275.1	0.97
1275.1	0.97
1275.1	0.97
1275.1	0.97
1276.0	0.97
1277.9	0.97
1278.9	0.97
1279.8	0.97
1282.0	0.97
1283.9	0.97
1285.1	0.97
1285.1	0.97
1287.0	0.97
1288.2	0.97
1291.0	0.97
1291.0	0.97
1291.0	0.97
1292.0	0.97
1292.9	0.97
1292.9	0.97
1294.9	0.97
1295.1	0.97
1298.0	0.97
1298.9	0.97
1299.9	0.97
1299.9	0.97
1299.9	0.97
1303.9	0.97
1306.1	0.97
1306.1	0.97
1307.0	0.97
1307.0	0.97
1309.2	0.97
1309.9	0.97
1311.1	0.97
1311.1	0.97
1312.0	0.97
1314.9	0.97
1314.9	0.97
1317.0	0.97
1318.0	0.97
1318.0	0.97
1318.0	0.98
1318.0	0.98
1320.8	0.98
1321.1	0.98
1321.1	0.98
1323.0	0.98
1324.9	0.98
1327.0	0.98
1327.0	0.98
1329.2	0.98
1329.9	0.98
1330.9	0.98
1330.9	0.98
1331.1	0.98
1333.0	0.98
1334.0	0.98
1335.1	0.98
1336.1	0.98
1339.0	0.98
1339.9	0.98
1340.9	0.98
1341.1	0.98
1343.0	0.98
1343.0	0.98
1343.0	0.98
1344.9	0.98
1347.1	0.98
1348.0	0.98
1348.0	0.98
1349.0	0.98
1349.9	0.98
1350.2	0.98
1350.9	0.98
1350.9	0.98
1354.0	0.98
1355.2	0.98
1356.1	0.98
1359.9	0.98
1361.1	0.98
1363.0	0.98
1367.1	0.98
1371.9	0.98
1373.1	0.98
1377.1	0.98
1379.0	0.98
1380.2	0.98
1381.9	0.98
1382.1	0.98
1382.1	0.98
1384.0	0.98
1386.9	0.99
1389.0	0.99
1392.8	0.99
1395.0	0.99
1397.8	0.99
1401.2	0.99
1402.9	0.99
1406.0	0.99
1406.2	0.99
1409.1	0.99
1410.0	0.99
1411.9	0.99
1413.1	0.99
1415.0	0.99
1416.0	0.99
1420.0	0.99
1420.0	0.99
1425.0	0.99
1425.0	0.99
1426.9	0.99
1427.2	0.99
1431.0	0.99
1433.8	0.99
1437.9	0.99
1441.0	0.99
1442.2	0.99
1446.0	0.99
1450.1	0.99
1456.0	0.99
1458.9	0.99
1462.0	0.99
1462.9	0.99
1462.9	0.99
1467.9	0.99
1476.0	0.99
1477.0	0.99
1478.2	0.99
1480.1	0.99
1486.1	0.99
1487.0	0.99
1488.0	0.99
1493.9	0.99
1499.9	0.99
1501.8	0.99
1502.0	0.99
1506.1	0.99
1507.0	0.99
1509.0	0.99
1509.9	0.99
1518.0	1.00
1533.0	1.00
1534.0	1.00
1536.8	1.00
1539.9	1.00
1544.0	1.00
1549.0	1.00
1567.8	1.00
1575.0	1.00
1591.9	1.00
1593.1	1.00
1596.9	1.00
1607.9	1.00
1607.9	1.00
1617.0	1.00
1621.0	1.00
1632.0	1.00
1679.2	1.00
1683.0	1.00
1684.0	1.00
1688.0	1.00
1865.9	1.00
1964.1	1.00
2148.9	1.00
2334.1	1.00
