0.0	0.00
0.0	0.00
0.0	0.00
0.0	0.00
19.1	0.00
31.0	0.00
32.2	0.00
34.1	0.00
34.8	0.00
40.1	0.00
47.0	0.00
52.0	0.00
55.1	0.00
59.1	0.00
61.0	0.00
62.9	0.00
67.0	0.00
71.0	0.00
72.0	0.00
73.9	0.00
76.1	0.00
77.0	0.00
77.0	0.00
78.9	0.00
83.9	0.00
86.1	0.01
91.1	0.01
92.0	0.01
98.0	0.01
98.0	0.01
99.2	0.01
99.2	0.01
100.9	0.01
101.8	0.01
102.0	0.01
102.0	0.01
104.0	0.01
104.2	0.01
104.9	0.01
105.9	0.01
108.0	0.01
109.9	0.01
110.1	0.01
111.1	0.01
117.1	0.01
119.0	0.01
120.2	0.01
120.9	0.01
123.0	0.01
124.0	0.01
124.0	0.01
125.2	0.01
130.9	0.01
131.1	0.01
133.0	0.01
134.0	0.01
134.9	0.01
135.9	0.01
139.0	0.01
145.2	0.01
145.2	0.01
149.0	0.01
150.0	0.01
150.0	0.01
150.9	0.01
151.9	0.01
152.1	0.01
152.8	0.01
154.0	0.01
155.9	0.01
156.2	0.01
156.9	0.01
157.8	0.01
158.1	0.01
162.8	0.02
165.0	0.02
166.2	0.02
169.0	0.02
169.0	0.02
170.0	0.02
172.9	0.02
173.1	0.02
173.1	0.02
175.0	0.02
176.0	0.02
178.8	0.02
179.1	0.02
180.0	0.02
181.0	0.02
181.9	0.02
181.9	0.02
185.0	0.02
186.0	0.02
195.0	0.02
197.9	0.02
199.1	0.02
202.2	0.02
204.8	0.02
206.0	0.02
207.9	0.02
209.1	0.02
212.0	0.02
212.0	0.02
213.1	0.02
213.9	0.02
216.0	0.02
221.0	0.02
223.2	0.02
224.8	0.02
226.0	0.02
226.0	0.02
231.0	0.02
233.9	0.02
234.8	0.02
235.1	0.02
237.9	0.02
237.9	0.02
239.8	0.02
242.0	0.02
242.0	0.02
244.9	0.02
248.0	0.02
248.9	0.02
250.1	0.02
251.1	0.03
252.0	0.03
255.1	0.03
256.1	0.03
258.0	0.03
268.9	0.03
269.9	0.03
270.1	0.03
272.0	0.03
273.0	0.03
274.9	0.03
279.9	0.03
281.8	0.03
284.0	0.03
286.1	0.03
288.0	0.03
288.0	0.03
289.9	0.03
292.1	0.03
292.1	0.03
293.0	0.03
293.0	0.03
294.9	0.03
296.1	0.03
296.8	0.03
298.0	0.03
298.0	0.03
298.0	0.03
298.0	0.03
299.0	0.03
299.9	0.03
299.9	0.03
300.9	0.03
301.8	0.03
301.8	0.03
302.1	0.03
306.1	0.03
307.1	0.03
309.0	0.03
309.9	0.03
310.9	0.03
311.1	0.03
312.1	0.03
314.0	0.03
315.9	0.03
316.9	0.03
317.1	0.03
318.1	0.03
320.2	0.03
320.9	0.04
321.1	0.04
322.1	0.04
325.0	0.04
326.9	0.04
327.1	0.04
327.1	0.04
327.8	0.04
328.1	0.04
329.0	0.04
330.0	0.04
330.9	0.04
331.2	0.04
331.9	0.04
332.1	0.04
332.1	0.04
333.1	0.04
333.1	0.04
334.0	0.04
335.0	0.04
336.2	0.04
336.9	0.04
336.9	0.04
337.1	0.04
337.8	0.04
337.8	0.04
338.1	0.04
338.1	0.04
338.8	0.04
339.0	0.04
339.0	0.04
340.0	0.04
340.2	0.04
341.9	0.04
342.8	0.04
343.1	0.04
343.8	0.04
344.0	0.04
345.0	0.04
345.9	0.04
345.9	0.04
345.9	0.04
346.2	0.04
347.1	0.04
348.1	0.04
348.1	0.04
348.1	0.04
348.1	0.04
349.0	0.04
350.0	0.05
351.0	0.05
351.0	0.05
351.2	0.05
352.9	0.05
352.9	0.05
353.8	0.05
353.8	0.05
355.0	0.05
355.0	0.05
356.9	0.05
356.9	0.05
357.2	0.05
357.2	0.05
357.2	0.05
357.9	0.05
357.9	0.05
358.1	0.05
358.1	0.05
358.8	0.05
359.1	0.05
359.1	0.05
360.0	0.05
360.0	0.05
360.0	0.05
360.0	0.05
361.0	0.05
361.0	0.05
361.0	0.05
361.9	0.05
362.2	0.05
362.9	0.05
362.9	0.05
363.1	0.05
363.1	0.05
363.1	0.05
364.1	0.05
364.1	0.05
366.0	0.05
366.0	0.05
366.0	0.05
366.9	0.05
366.9	0.05
368.1	0.05
369.1	0.05
369.1	0.05
370.0	0.05
370.0	0.05
370.0	0.05
371.0	0.05
371.9	0.06
371.9	0.06
371.9	0.06
371.9	0.06
372.2	0.06
372.2	0.06
372.9	0.06
373.1	0.06
373.1	0.06
373.1	0.06
373.1	0.06
373.8	0.06
373.8	0.06
374.1	0.06
374.1	0.06
374.1	0.06
374.1	0.06
375.0	0.06
376.0	0.06
376.0	0.06
376.2	0.06
376.9	0.06
376.9	0.06
377.2	0.06
378.1	0.06
378.1	0.06
378.8	0.06
378.8	0.06
379.8	0.06
379.8	0.06
380.0	0.06
380.0	0.06
381.0	0.06
381.0	0.06
381.9	0.06
381.9	0.06
382.9	0.06
382.9	0.06
383.9	0.06
384.8	0.06
385.0	0.06
386.0	0.06
386.0	0.06
386.0	0.06
386.0	0.06
387.0	0.06
387.0	0.06
387.9	0.06
388.9	0.06
388.9	0.07
388.9	0.07
389.1	0.07
389.1	0.07
390.1	0.07
391.0	0.07
391.0	0.07
391.0	0.07
391.0	0.07
392.0	0.07
393.2	0.07
393.2	0.07
395.1	0.07
397.0	0.07
397.0	0.07
397.0	0.07
397.9	0.07
397.9	0.07
398.9	0.07
398.9	0.07
398.9	0.07
399.8	0.07
399.8	0.07
401.0	0.07
401.0	0.07
401.0	0.07
402.0	0.07
402.0	0.07
402.0	0.07
402.9	0.07
402.9	0.07
403.2	0.07
403.2	0.07
403.9	0.07
404.1	0.07
405.1	0.07
406.0	0.07
406.0	0.07
406.0	0.07
406.0	0.07
406.0	0.07
406.0	0.07
407.0	0.07
407.0	0.07
407.0	0.07
407.0	0.07
407.9	0.07
408.2	0.07
408.9	0.07
409.1	0.08
411.0	0.08
411.0	0.08
412.0	0.08
412.0	0.08
412.0	0.08
412.9	0.08
413.2	0.08
414.1	0.08
414.1	0.08
414.1	0.08
414.1	0.08
414.8	0.08
415.1	0.08
416.0	0.08
416.0	0.08
416.0	0.08
416.0	0.08
416.0	0.08
417.9	0.08
417.9	0.08
417.9	0.08
417.9	0.08
418.2	0.08
420.1	0.08
420.1	0.08
421.0	0.08
421.0	0.08
421.0	0.08
422.0	0.08
422.0	0.08
422.0	0.08
423.9	0.08
424.9	0.08
424.9	0.08
425.1	0.08
426.1	0.08
426.1	0.08
427.0	0.08
427.0	0.08
427.0	0.08
428.9	0.08
429.2	0.08
429.2	0.08
430.1	0.08
433.0	0.08
433.0	0.08
433.0	0.08
433.9	0.08
433.9	0.09
433.9	0.09
433.9	0.09
434.9	0.09
435.1	0.09
435.1	0.09
435.1	0.09
435.8	0.09
437.0	0.09
437.0	0.09
438.0	0.09
438.0	0.09
438.0	0.09
439.2	0.09
439.2	0.09
439.9	0.09
440.1	0.09
440.1	0.09
440.8	0.09
442.0	0.09
442.0	0.09
442.0	0.09
442.0	0.09
442.0	0.09
442.0	0.09
443.0	0.09
443.0	0.09
443.9	0.09
443.9	0.09
444.2	0.09
444.9	0.09
444.9	0.09
444.9	0.09
444.9	0.09
445.8	0.09
445.8	0.09
446.1	0.09
446.1	0.09
447.0	0.09
447.0	0.09
448.0	0.09
448.0	0.09
448.9	0.09
448.9	0.09
448.9	0.09
448.9	0.09
450.8	0.09
450.8	0.09
451.1	0.09
451.1	0.09
452.0	0.10
453.0	0.10
453.9	0.10
453.9	0.10
454.2	0.10
454.9	0.10
454.9	0.10
455.1	0.10
455.1	0.10
456.1	0.10
456.1	0.10
456.1	0.10
457.0	0.10
458.0	0.10
458.0	0.10
459.0	0.10
459.0	0.10
460.1	0.10
460.1	0.10
460.9	0.10
460.9	0.10
461.8	0.10
461.8	0.10
462.1	0.10
462.1	0.10
462.1	0.10
462.1	0.10
463.0	0.10
464.0	0.10
464.0	0.10
465.9	0.10
465.9	0.10
466.8	0.10
466.8	0.10
467.1	0.10
467.1	0.10
467.1	0.10
468.0	0.10
468.0	0.10
469.0	0.10
469.9	0.10
469.9	0.10
469.9	0.10
470.9	0.10
470.9	0.10
470.9	0.10
471.1	0.10
471.1	0.10
472.1	0.10
472.1	0.11
472.1	0.11
473.0	0.11
473.0	0.11
473.0	0.11
473.0	0.11
473.0	0.11
474.0	0.11
474.2	0.11
474.9	0.11
474.9	0.11
474.9	0.11
475.2	0.11
475.9	0.11
476.1	0.11
476.1	0.11
476.8	0.11
476.8	0.11
477.1	0.11
477.8	0.11
477.8	0.11
478.0	0.11
478.0	0.11
478.0	0.11
479.0	0.11
479.0	0.11
479.0	0.11
479.0	0.11
479.0	0.11
479.2	0.11
479.9	0.11
479.9	0.11
479.9	0.11
479.9	0.11
479.9	0.11
480.9	0.11
480.9	0.11
480.9	0.11
480.9	0.11
482.1	0.11
482.1	0.11
482.1	0.11
482.1	0.11
482.8	0.11
483.0	0.11
483.0	0.11
483.0	0.11
483.0	0.11
483.0	0.11
484.9	0.12
484.9	0.12
484.9	0.12
484.9	0.12
485.9	0.12
486.1	0.12
486.1	0.12
486.1	0.12
486.1	0.12
486.9	0.12
486.9	0.12
487.1	0.12
487.1	0.12
487.1	0.12
488.0	0.12
488.0	0.12
489.0	0.12
489.0	0.12
489.0	0.12
489.0	0.12
489.0	0.12
490.0	0.12
490.0	0.12
490.9	0.12
490.9	0.12
490.9	0.12
490.9	0.12
490.9	0.12
491.1	0.12
491.9	0.12
491.9	0.12
491.9	0.12
491.9	0.12
492.1	0.12
492.1	0.12
492.1	0.12
492.1	0.12
492.1	0.12
493.0	0.12
493.0	0.12
493.0	0.12
493.0	0.12
494.0	0.12
494.0	0.12
494.0	0.12
494.0	0.12
494.0	0.12
495.0	0.12
495.0	0.12
495.0	0.12
495.0	0.13
495.0	0.13
495.2	0.13
495.9	0.13
495.9	0.13
495.9	0.13
495.9	0.13
495.9	0.13
495.9	0.13
496.1	0.13
496.1	0.13
496.1	0.13
496.9	0.13
497.1	0.13
497.8	0.13
497.8	0.13
497.8	0.13
497.8	0.13
498.1	0.13
498.1	0.13
498.1	0.13
498.1	0.13
498.1	0.13
498.1	0.13
498.8	0.13
498.8	0.13
498.8	0.13
499.0	0.13
499.0	0.13
499.0	0.13
499.0	0.13
499.0	0.13
499.0	0.13
500.0	0.13
500.0	0.13
500.0	0.13
500.0	0.13
500.0	0.13
500.2	0.13
500.2	0.13
500.2	0.13
500.9	0.13
500.9	0.13
500.9	0.13
500.9	0.13
501.9	0.13
501.9	0.13
501.9	0.13
502.1	0.13
502.1	0.14
502.1	0.14
502.1	0.14
502.1	0.14
502.1	0.14
502.8	0.14
502.8	0.14
503.1	0.14
503.1	0.14
503.1	0.14
503.1	0.14
503.8	0.14
504.0	0.14
504.0	0.14
504.0	0.14
504.0	0.14
505.0	0.14
505.0	0.14
505.0	0.14
505.2	0.14
505.2	0.14
505.9	0.14
505.9	0.14
505.9	0.14
505.9	0.14
506.2	0.14
506.9	0.14
506.9	0.14
507.1	0.14
507.1	0.14
507.8	0.14
508.1	0.14
509.0	0.14
509.0	0.14
509.0	0.14
509.0	0.14
509.0	0.14
509.0	0.14
509.0	0.14
510.0	0.14
510.0	0.14
510.0	0.14
510.0	0.14
510.0	0.14
510.0	0.14
510.0	0.14
510.9	0.14
510.9	0.14
510.9	0.14
510.9	0.15
511.2	0.15
511.2	0.15
511.9	0.15
511.9	0.15
511.9	0.15
511.9	0.15
512.1	0.15
512.1	0.15
512.8	0.15
513.1	0.15
513.1	0.15
513.1	0.15
513.1	0.15
513.1	0.15
513.1	0.15
513.8	0.15
513.8	0.15
513.8	0.15
514.0	0.15
514.0	0.15
514.0	0.15
514.0	0.15
514.0	0.15
514.0	0.15
514.0	0.15
515.0	0.15
515.0	0.15
515.0	0.15
515.0	0.15
515.0	0.15
515.0	0.15
515.0	0.15
515.0	0.15
515.0	0.15
515.0	0.15
515.0	0.15
515.9	0.15
515.9	0.15
515.9	0.15
515.9	0.15
515.9	0.15
516.2	0.15
516.9	0.15
516.9	0.15
516.9	0.15
516.9	0.15
516.9	0.15
517.1	0.15
517.1	0.16
517.1	0.16
517.1	0.16
517.8	0.16
517.8	0.16
518.1	0.16
518.1	0.16
518.1	0.16
518.1	0.16
519.0	0.16
519.0	0.16
519.0	0.16
519.0	0.16
519.0	0.16
519.0	0.16
519.0	0.16
520.0	0.16
520.0	0.16
520.0	0.16
520.0	0.16
520.0	0.16
520.0	0.16
520.9	0.16
520.9	0.16
520.9	0.16
520.9	0.16
520.9	0.16
520.9	0.16
521.2	0.16
521.2	0.16
521.9	0.16
522.1	0.16
522.1	0.16
522.1	0.16
522.1	0.16
522.9	0.16
522.9	0.16
522.9	0.16
523.1	0.16
523.1	0.16
523.1	0.16
523.1	0.16
523.1	0.16
523.1	0.16
523.8	0.16
523.8	0.16
523.8	0.16
523.8	0.16
523.8	0.16
524.0	0.16
524.0	0.17
524.0	0.17
524.0	0.17
524.0	0.17
524.0	0.17
524.0	0.17
524.0	0.17
524.0	0.17
524.0	0.17
525.0	0.17
525.0	0.17
525.0	0.17
525.0	0.17
526.0	0.17
526.0	0.17
526.0	0.17
526.0	0.17
526.0	0.17
526.0	0.17
526.0	0.17
526.0	0.17
526.0	0.17
526.0	0.17
526.0	0.17
526.9	0.17
526.9	0.17
526.9	0.17
527.1	0.17
527.9	0.17
527.9	0.17
527.9	0.17
527.9	0.17
528.1	0.17
528.1	0.17
528.1	0.17
528.1	0.17
528.1	0.17
528.8	0.17
528.8	0.17
528.8	0.17
528.8	0.17
529.1	0.17
529.1	0.17
529.1	0.17
529.1	0.17
529.1	0.17
529.1	0.17
529.1	0.17
530.0	0.17
530.0	0.18
530.0	0.18
530.0	0.18
530.0	0.18
530.0	0.18
530.0	0.18
530.0	0.18
530.0	0.18
530.0	0.18
531.0	0.18
531.0	0.18
531.0	0.18
531.9	0.18
532.2	0.18
532.2	0.18
532.2	0.18
532.2	0.18
532.9	0.18
532.9	0.18
533.1	0.18
533.1	0.18
533.1	0.18
533.1	0.18
533.1	0.18
533.1	0.18
533.1	0.18
533.1	0.18
533.8	0.18
533.8	0.18
534.1	0.18
534.8	0.18
534.8	0.18
534.8	0.18
535.0	0.18
535.0	0.18
535.0	0.18
535.0	0.18
535.0	0.18
535.0	0.18
535.0	0.18
535.0	0.18
535.0	0.18
535.0	0.18
536.0	0.18
536.0	0.18
536.0	0.18
536.0	0.18
536.0	0.18
536.0	0.18
536.0	0.19
536.9	0.19
536.9	0.19
536.9	0.19
536.9	0.19
536.9	0.19
537.2	0.19
537.2	0.19
537.2	0.19
537.2	0.19
537.2	0.19
537.2	0.19
537.9	0.19
538.1	0.19
538.1	0.19
538.1	0.19
538.1	0.19
538.1	0.19
538.1	0.19
538.1	0.19
538.1	0.19
538.8	0.19
538.8	0.19
538.8	0.19
539.1	0.19
539.1	0.19
539.1	0.19
539.1	0.19
539.1	0.19
539.1	0.19
539.1	0.19
539.8	0.19
540.0	0.19
540.0	0.19
540.0	0.19
540.0	0.19
540.0	0.19
540.0	0.19
540.0	0.19
540.0	0.19
540.0	0.19
541.0	0.19
541.0	0.19
541.0	0.19
541.0	0.19
541.0	0.19
541.0	0.19
541.0	0.19
541.2	0.19
541.9	0.19
541.9	0.20
541.9	0.20
541.9	0.20
541.9	0.20
541.9	0.20
541.9	0.20
541.9	0.20
541.9	0.20
541.9	0.20
541.9	0.20
541.9	0.20
541.9	0.20
542.2	0.20
542.2	0.20
542.2	0.20
542.2	0.20
542.2	0.20
542.2	0.20
542.2	0.20
542.2	0.20
542.9	0.20
542.9	0.20
542.9	0.20
542.9	0.20
543.1	0.20
543.1	0.20
543.1	0.20
543.1	0.20
543.1	0.20
543.1	0.20
543.1	0.20
543.1	0.20
543.1	0.20
543.1	0.20
543.1	0.20
543.1	0.20
543.1	0.20
543.1	0.20
543.8	0.20
544.1	0.20
544.1	0.20
544.1	0.20
544.1	0.20
544.1	0.20
544.1	0.20
544.1	0.20
544.1	0.20
544.1	0.20
544.8	0.20
544.8	0.21
545.0	0.21
545.0	0.21
545.0	0.21
545.0	0.21
545.0	0.21
545.0	0.21
545.0	0.21
545.0	0.21
546.0	0.21
546.0	0.21
546.0	0.21
546.0	0.21
546.0	0.21
546.0	0.21
546.0	0.21
546.0	0.21
546.0	0.21
546.0	0.21
546.9	0.21
546.9	0.21
546.9	0.21
546.9	0.21
546.9	0.21
546.9	0.21
546.9	0.21
546.9	0.21
547.2	0.21
547.2	0.21
547.9	0.21
547.9	0.21
547.9	0.21
547.9	0.21
547.9	0.21
547.9	0.21
548.1	0.21
548.1	0.21
548.1	0.21
548.8	0.21
548.8	0.21
548.8	0.21
548.8	0.21
548.8	0.21
549.1	0.21
549.1	0.21
549.1	0.21
549.1	0.21
549.1	0.21
549.1	0.21
549.1	0.22
549.1	0.22
549.1	0.22
549.8	0.22
550.0	0.22
550.0	0.22
550.0	0.22
550.0	0.22
550.0	0.22
550.0	0.22
550.0	0.22
550.0	0.22
550.0	0.22
550.0	0.22
550.0	0.22
550.0	0.22
551.0	0.22
551.0	0.22
551.0	0.22
551.0	0.22
551.0	0.22
551.0	0.22
551.0	0.22
551.0	0.22
551.0	0.22
551.0	0.22
551.0	0.22
551.0	0.22
551.9	0.22
551.9	0.22
551.9	0.22
551.9	0.22
551.9	0.22
551.9	0.22
552.2	0.22
552.2	0.22
552.2	0.22
552.9	0.22
552.9	0.22
552.9	0.22
552.9	0.22
552.9	0.22
552.9	0.22
552.9	0.22
552.9	0.22
552.9	0.22
553.1	0.22
553.1	0.22
553.8	0.22
553.8	0.22
553.8	0.23
553.8	0.23
553.8	0.23
553.8	0.23
554.1	0.23
554.1	0.23
554.1	0.23
554.1	0.23
554.1	0.23
554.1	0.23
554.1	0.23
554.1	0.23
554.8	0.23
555.0	0.23
555.0	0.23
555.0	0.23
555.0	0.23
555.0	0.23
555.0	0.23
555.0	0.23
556.0	0.23
556.0	0.23
556.0	0.23
556.0	0.23
556.0	0.23
556.0	0.23
556.0	0.23
556.0	0.23
556.0	0.23
556.0	0.23
556.0	0.23
556.9	0.23
556.9	0.23
556.9	0.23
556.9	0.23
556.9	0.23
556.9	0.23
557.2	0.23
557.2	0.23
557.2	0.23
557.2	0.23
557.9	0.23
557.9	0.23
557.9	0.23
557.9	0.23
557.9	0.23
557.9	0.23
557.9	0.23
557.9	0.23
558.1	0.24
558.1	0.24
558.1	0.24
558.1	0.24
558.1	0.24
558.9	0.24
558.9	0.24
558.9	0.24
558.9	0.24
559.1	0.24
559.1	0.24
559.1	0.24
559.8	0.24
559.8	0.24
559.8	0.24
560.0	0.24
560.0	0.24
560.0	0.24
560.0	0.24
560.0	0.24
560.0	0.24
560.0	0.24
560.0	0.24
561.0	0.24
561.0	0.24
561.0	0.24
561.0	0.24
561.0	0.24
561.0	0.24
561.0	0.24
561.0	0.24
561.0	0.24
562.0	0.24
562.0	0.24
562.0	0.24
562.0	0.24
562.0	0.24
562.2	0.24
562.2	0.24
562.2	0.24
562.2	0.24
562.9	0.24
562.9	0.24
562.9	0.24
562.9	0.24
562.9	0.24
562.9	0.24
562.9	0.24
563.1	0.24
563.1	0.25
563.1	0.25
563.9	0.25
563.9	0.25
563.9	0.25
563.9	0.25
564.1	0.25
564.1	0.25
564.1	0.25
564.1	0.25
564.1	0.25
564.1	0.25
564.1	0.25
564.8	0.25
565.1	0.25
565.1	0.25
565.1	0.25
565.1	0.25
565.1	0.25
565.1	0.25
565.1	0.25
565.1	0.25
565.1	0.25
565.8	0.25
565.8	0.25
566.0	0.25
566.0	0.25
566.0	0.25
566.0	0.25
566.0	0.25
566.0	0.25
566.0	0.25
566.0	0.25
566.0	0.25
567.0	0.25
567.0	0.25
567.0	0.25
567.0	0.25
567.0	0.25
567.0	0.25
567.0	0.25
567.0	0.25
567.0	0.25
567.0	0.25
567.2	0.25
567.9	0.25
567.9	0.25
567.9	0.25
567.9	0.25
567.9	0.26
567.9	0.26
567.9	0.26
567.9	0.26
568.2	0.26
568.2	0.26
568.2	0.26
568.2	0.26
568.9	0.26
568.9	0.26
568.9	0.26
568.9	0.26
569.1	0.26
569.1	0.26
569.1	0.26
569.8	0.26
569.8	0.26
569.8	0.26
570.1	0.26
570.1	0.26
570.1	0.26
570.1	0.26
570.1	0.26
570.1	0.26
570.1	0.26
570.1	0.26
571.0	0.26
571.0	0.26
571.0	0.26
571.0	0.26
571.0	0.26
572.0	0.26
572.0	0.26
572.0	0.26
572.0	0.26
572.0	0.26
572.0	0.26
572.2	0.26
572.9	0.26
572.9	0.26
572.9	0.26
572.9	0.26
572.9	0.26
573.2	0.26
573.2	0.26
573.2	0.26
573.2	0.26
573.9	0.26
573.9	0.26
573.9	0.26
573.9	0.27
573.9	0.27
574.1	0.27
574.1	0.27
574.1	0.27
574.1	0.27
574.1	0.27
574.8	0.27
574.8	0.27
575.1	0.27
575.1	0.27
575.1	0.27
575.1	0.27
575.1	0.27
576.0	0.27
576.0	0.27
576.0	0.27
576.0	0.27
576.0	0.27
576.0	0.27
576.0	0.27
576.0	0.27
577.0	0.27
577.0	0.27
577.0	0.27
577.0	0.27
577.0	0.27
577.0	0.27
577.0	0.27
577.0	0.27
577.0	0.27
577.0	0.27
577.0	0.27
577.0	0.27
577.0	0.27
577.0	0.27
577.2	0.27
577.2	0.27
577.2	0.27
577.9	0.27
577.9	0.27
577.9	0.27
577.9	0.27
578.2	0.27
578.9	0.27
578.9	0.27
578.9	0.27
578.9	0.27
579.1	0.27
579.1	0.28
579.1	0.28
579.1	0.28
579.1	0.28
579.8	0.28
579.8	0.28
579.8	0.28
580.1	0.28
580.1	0.28
580.1	0.28
580.1	0.28
580.1	0.28
581.0	0.28
581.0	0.28
581.0	0.28
581.0	0.28
581.0	0.28
582.0	0.28
582.0	0.28
582.0	0.28
582.0	0.28
582.0	0.28
582.0	0.28
582.0	0.28
582.0	0.28
582.0	0.28
582.0	0.28
582.0	0.28
582.0	0.28
582.0	0.28
582.0	0.28
582.2	0.28
582.9	0.28
582.9	0.28
582.9	0.28
582.9	0.28
582.9	0.28
583.2	0.28
583.2	0.28
583.2	0.28
583.9	0.28
583.9	0.28
583.9	0.28
583.9	0.28
583.9	0.28
583.9	0.28
583.9	0.28
583.9	0.28
584.1	0.28
584.1	0.29
584.1	0.29
584.8	0.29
584.8	0.29
584.8	0.29
584.8	0.29
584.8	0.29
585.1	0.29
585.1	0.29
585.1	0.29
585.1	0.29
585.1	0.29
585.1	0.29
585.1	0.29
585.1	0.29
586.0	0.29
586.0	0.29
586.0	0.29
586.0	0.29
586.0	0.29
586.0	0.29
586.0	0.29
586.0	0.29
587.0	0.29
587.0	0.29
587.0	0.29
587.0	0.29
587.0	0.29
587.0	0.29
587.0	0.29
587.0	0.29
587.0	0.29
587.0	0.29
587.0	0.29
587.9	0.29
587.9	0.29
587.9	0.29
587.9	0.29
587.9	0.29
587.9	0.29
587.9	0.29
587.9	0.29
588.2	0.29
588.2	0.29
588.2	0.29
588.2	0.29
588.2	0.29
588.2	0.29
588.9	0.29
588.9	0.29
588.9	0.30
588.9	0.30
588.9	0.30
588.9	0.30
588.9	0.30
588.9	0.30
588.9	0.30
589.1	0.30
589.1	0.30
589.8	0.30
589.8	0.30
589.8	0.30
589.8	0.30
590.1	0.30
590.1	0.30
590.1	0.30
590.8	0.30
590.8	0.30
591.0	0.30
591.0	0.30
591.0	0.30
591.0	0.30
591.0	0.30
592.0	0.30
592.0	0.30
592.0	0.30
592.0	0.30
592.0	0.30
592.9	0.30
592.9	0.30
592.9	0.30
593.2	0.30
593.2	0.30
593.2	0.30
593.9	0.30
593.9	0.30
593.9	0.30
593.9	0.30
593.9	0.30
593.9	0.30
593.9	0.30
594.1	0.30
594.1	0.30
594.1	0.30
594.9	0.30
594.9	0.30
594.9	0.30
595.1	0.30
595.1	0.30
595.1	0.31
595.1	0.31
595.1	0.31
595.1	0.31
595.1	0.31
595.1	0.31
595.1	0.31
595.1	0.31
595.8	0.31
596.0	0.31
596.0	0.31
596.0	0.31
596.0	0.31
596.0	0.31
596.0	0.31
596.0	0.31
596.0	0.31
596.0	0.31
597.0	0.31
597.0	0.31
597.0	0.31
597.0	0.31
597.0	0.31
597.0	0.31
597.0	0.31
597.0	0.31
597.0	0.31
598.0	0.31
598.0	0.31
598.0	0.31
598.0	0.31
598.0	0.31
598.0	0.31
598.0	0.31
598.0	0.31
598.0	0.31
598.2	0.31
598.2	0.31
598.2	0.31
598.9	0.31
598.9	0.31
598.9	0.31
598.9	0.31
599.1	0.31
599.1	0.31
599.9	0.31
599.9	0.31
599.9	0.31
599.9	0.31
599.9	0.32
600.1	0.32
600.1	0.32
600.1	0.32
600.1	0.32
600.1	0.32
600.8	0.32
600.8	0.32
600.8	0.32
600.8	0.32
600.8	0.32
600.8	0.32
600.8	0.32
601.1	0.32
601.1	0.32
601.1	0.32
601.1	0.32
601.1	0.32
602.0	0.32
602.0	0.32
602.0	0.32
602.0	0.32
602.0	0.32
602.0	0.32
602.0	0.32
602.0	0.32
603.0	0.32
603.0	0.32
603.0	0.32
603.0	0.32
603.0	0.32
603.0	0.32
603.0	0.32
603.0	0.32
603.2	0.32
603.9	0.32
603.9	0.32
603.9	0.32
603.9	0.32
604.2	0.32
604.2	0.32
604.2	0.32
604.2	0.32
604.2	0.32
604.9	0.32
604.9	0.32
604.9	0.32
604.9	0.32
604.9	0.32
605.1	0.33
605.1	0.33
605.1	0.33
605.1	0.33
605.1	0.33
605.1	0.33
605.8	0.33
605.8	0.33
605.8	0.33
605.8	0.33
605.8	0.33
606.1	0.33
606.1	0.33
606.1	0.33
606.1	0.33
606.1	0.33
606.1	0.33
606.1	0.33
606.1	0.33
606.1	0.33
606.1	0.33
607.0	0.33
607.0	0.33
607.0	0.33
607.0	0.33
607.0	0.33
607.0	0.33
608.0	0.33
608.0	0.33
608.0	0.33
608.0	0.33
608.2	0.33
608.9	0.33
608.9	0.33
608.9	0.33
608.9	0.33
608.9	0.33
608.9	0.33
608.9	0.33
608.9	0.33
609.2	0.33
609.2	0.33
609.2	0.33
609.9	0.33
609.9	0.33
609.9	0.33
609.9	0.33
609.9	0.33
610.1	0.33
610.1	0.33
610.1	0.34
610.1	0.34
610.1	0.34
610.1	0.34
610.8	0.34
610.8	0.34
610.8	0.34
610.8	0.34
611.1	0.34
611.1	0.34
611.1	0.34
611.1	0.34
611.1	0.34
611.1	0.34
611.1	0.34
611.1	0.34
611.1	0.34
611.1	0.34
611.8	0.34
611.8	0.34
612.0	0.34
612.0	0.34
612.0	0.34
612.0	0.34
612.0	0.34
612.0	0.34
612.0	0.34
612.0	0.34
612.0	0.34
612.0	0.34
613.0	0.34
613.0	0.34
613.0	0.34
613.0	0.34
613.0	0.34
613.0	0.34
613.0	0.34
613.0	0.34
613.0	0.34
613.0	0.34
613.0	0.34
613.0	0.34
613.2	0.34
613.2	0.34
613.9	0.34
613.9	0.34
613.9	0.34
613.9	0.34
613.9	0.34
614.2	0.35
614.2	0.35
614.9	0.35
614.9	0.35
614.9	0.35
614.9	0.35
614.9	0.35
614.9	0.35
614.9	0.35
615.1	0.35
615.1	0.35
615.8	0.35
615.8	0.35
616.1	0.35
616.1	0.35
616.1	0.35
616.1	0.35
616.1	0.35
616.1	0.35
616.1	0.35
616.1	0.35
616.1	0.35
616.8	0.35
616.8	0.35
616.8	0.35
617.0	0.35
617.0	0.35
617.0	0.35
617.0	0.35
617.0	0.35
617.0	0.35
617.0	0.35
617.0	0.35
617.0	0.35
618.0	0.35
618.0	0.35
618.0	0.35
618.0	0.35
618.0	0.35
618.0	0.35
618.0	0.35
618.0	0.35
618.0	0.35
618.0	0.35
618.2	0.35
618.9	0.35
618.9	0.35
618.9	0.35
618.9	0.35
618.9	0.36
619.2	0.36
619.2	0.36
619.2	0.36
619.2	0.36
619.9	0.36
619.9	0.36
619.9	0.36
619.9	0.36
619.9	0.36
619.9	0.36
620.1	0.36
620.1	0.36
620.1	0.36
620.1	0.36
620.1	0.36
620.1	0.36
620.1	0.36
620.1	0.36
620.1	0.36
620.1	0.36
620.1	0.36
620.8	0.36
620.8	0.36
620.8	0.36
620.8	0.36
621.1	0.36
621.1	0.36
621.1	0.36
621.1	0.36
621.1	0.36
621.8	0.36
621.8	0.36
621.8	0.36
622.0	0.36
622.0	0.36
622.0	0.36
622.0	0.36
622.0	0.36
622.0	0.36
622.0	0.36
622.0	0.36
622.0	0.36
622.0	0.36
622.0	0.36
622.0	0.36
622.0	0.36
623.0	0.36
623.0	0.36
623.0	0.36
623.0	0.37
623.0	0.37
623.0	0.37
623.0	0.37
623.0	0.37
623.0	0.37
623.0	0.37
623.0	0.37
623.0	0.37
623.2	0.37
623.9	0.37
623.9	0.37
623.9	0.37
623.9	0.37
623.9	0.37
623.9	0.37
623.9	0.37
623.9	0.37
623.9	0.37
623.9	0.37
623.9	0.37
623.9	0.37
623.9	0.37
623.9	0.37
623.9	0.37
624.2	0.37
624.2	0.37
624.2	0.37
624.9	0.37
624.9	0.37
624.9	0.37
624.9	0.37
624.9	0.37
624.9	0.37
624.9	0.37
625.1	0.37
625.1	0.37
625.1	0.37
625.1	0.37
625.1	0.37
625.1	0.37
625.1	0.37
625.8	0.37
625.8	0.37
625.8	0.37
625.8	0.37
625.8	0.37
625.8	0.37
625.8	0.37
625.8	0.38
625.8	0.38
625.8	0.38
625.8	0.38
626.1	0.38
626.1	0.38
626.1	0.38
626.1	0.38
626.1	0.38
626.1	0.38
626.8	0.38
627.0	0.38
627.0	0.38
627.0	0.38
627.0	0.38
627.0	0.38
627.0	0.38
627.0	0.38
627.0	0.38
628.0	0.38
628.0	0.38
628.0	0.38
628.0	0.38
628.0	0.38
628.9	0.38
628.9	0.38
628.9	0.38
628.9	0.38
628.9	0.38
628.9	0.38
628.9	0.38
628.9	0.38
628.9	0.38
628.9	0.38
628.9	0.38
628.9	0.38
628.9	0.38
628.9	0.38
629.2	0.38
629.9	0.38
629.9	0.38
629.9	0.38
629.9	0.38
629.9	0.38
629.9	0.38
629.9	0.38
629.9	0.38
630.1	0.38
630.1	0.38
630.1	0.39
630.1	0.39
630.9	0.39
630.9	0.39
630.9	0.39
630.9	0.39
631.1	0.39
631.1	0.39
631.1	0.39
631.1	0.39
631.1	0.39
631.1	0.39
631.1	0.39
631.8	0.39
632.0	0.39
632.0	0.39
632.0	0.39
632.0	0.39
632.0	0.39
632.0	0.39
632.0	0.39
632.0	0.39
632.0	0.39
632.0	0.39
632.0	0.39
633.0	0.39
633.0	0.39
633.0	0.39
633.0	0.39
633.0	0.39
633.0	0.39
633.0	0.39
633.0	0.39
633.0	0.39
633.0	0.39
633.0	0.39
633.0	0.39
633.0	0.39
633.0	0.39
634.0	0.39
634.0	0.39
634.0	0.39
634.0	0.39
634.0	0.39
634.0	0.39
634.0	0.39
634.0	0.39
634.0	0.39
634.0	0.39
634.0	0.40
634.0	0.40
634.2	0.40
634.2	0.40
634.2	0.40
634.2	0.40
634.9	0.40
634.9	0.40
634.9	0.40
634.9	0.40
634.9	0.40
634.9	0.40
634.9	0.40
635.1	0.40
635.1	0.40
635.1	0.40
635.1	0.40
635.1	0.40
635.1	0.40
635.9	0.40
635.9	0.40
635.9	0.40
635.9	0.40
635.9	0.40
635.9	0.40
636.1	0.40
636.1	0.40
636.1	0.40
636.1	0.40
636.1	0.40
636.1	0.40
636.1	0.40
636.1	0.40
636.1	0.40
636.8	0.40
636.8	0.40
637.1	0.40
637.1	0.40
637.1	0.40
637.1	0.40
637.1	0.40
637.1	0.40
637.1	0.40
637.1	0.40
637.1	0.40
637.1	0.40
637.1	0.40
637.1	0.40
637.1	0.40
638.0	0.40
638.0	0.41
638.0	0.41
638.0	0.41
638.0	0.41
638.0	0.41
638.0	0.41
638.0	0.41
638.0	0.41
638.0	0.41
638.0	0.41
638.0	0.41
638.0	0.41
638.0	0.41
639.0	0.41
639.0	0.41
639.0	0.41
639.0	0.41
639.0	0.41
639.0	0.41
639.0	0.41
639.0	0.41
639.0	0.41
639.0	0.41
639.0	0.41
639.2	0.41
639.2	0.41
639.2	0.41
639.2	0.41
639.9	0.41
639.9	0.41
639.9	0.41
639.9	0.41
639.9	0.41
640.2	0.41
640.2	0.41
640.2	0.41
640.9	0.41
640.9	0.41
640.9	0.41
640.9	0.41
640.9	0.41
640.9	0.41
640.9	0.41
640.9	0.41
641.1	0.41
641.1	0.41
641.1	0.41
641.1	0.41
641.8	0.41
641.8	0.42
641.8	0.42
641.8	0.42
641.8	0.42
642.1	0.42
642.1	0.42
642.1	0.42
642.1	0.42
642.1	0.42
642.1	0.42
642.1	0.42
642.1	0.42
642.8	0.42
643.0	0.42
643.0	0.42
643.0	0.42
643.0	0.42
643.0	0.42
643.0	0.42
643.0	0.42
643.0	0.42
644.0	0.42
644.0	0.42
644.0	0.42
644.0	0.42
644.0	0.42
644.0	0.42
644.0	0.42
644.0	0.42
644.0	0.42
644.0	0.42
644.0	0.42
644.0	0.42
644.0	0.42
644.0	0.42
644.0	0.42
644.0	0.42
644.0	0.42
644.0	0.42
644.2	0.42
644.2	0.42
644.2	0.42
644.9	0.42
644.9	0.42
644.9	0.42
644.9	0.42
644.9	0.42
644.9	0.42
644.9	0.42
644.9	0.43
644.9	0.43
644.9	0.43
644.9	0.43
644.9	0.43
644.9	0.43
644.9	0.43
645.2	0.43
645.2	0.43
645.2	0.43
645.2	0.43
645.9	0.43
645.9	0.43
645.9	0.43
645.9	0.43
645.9	0.43
645.9	0.43
645.9	0.43
645.9	0.43
646.1	0.43
646.1	0.43
646.1	0.43
646.1	0.43
646.1	0.43
646.1	0.43
646.1	0.43
646.8	0.43
646.8	0.43
647.1	0.43
647.1	0.43
647.1	0.43
647.1	0.43
647.1	0.43
647.1	0.43
647.1	0.43
647.1	0.43
647.1	0.43
647.1	0.43
647.1	0.43
647.8	0.43
647.8	0.43
648.0	0.43
648.0	0.43
648.0	0.43
648.0	0.43
648.0	0.43
648.0	0.43
648.0	0.43
648.0	0.43
648.0	0.43
648.0	0.44
648.0	0.44
648.0	0.44
648.0	0.44
648.0	0.44
649.0	0.44
649.0	0.44
649.0	0.44
649.0	0.44
649.0	0.44
649.0	0.44
649.2	0.44
649.2	0.44
649.9	0.44
649.9	0.44
649.9	0.44
649.9	0.44
649.9	0.44
650.2	0.44
650.2	0.44
650.2	0.44
650.9	0.44
650.9	0.44
650.9	0.44
650.9	0.44
650.9	0.44
650.9	0.44
651.1	0.44
651.1	0.44
651.1	0.44
651.8	0.44
651.8	0.44
651.8	0.44
651.8	0.44
651.8	0.44
651.8	0.44
651.8	0.44
652.1	0.44
652.1	0.44
652.1	0.44
652.1	0.44
653.0	0.44
653.0	0.44
653.0	0.44
653.0	0.44
653.0	0.44
653.0	0.44
653.0	0.44
653.0	0.44
654.0	0.45
654.0	0.45
654.0	0.45
654.0	0.45
654.0	0.45
654.0	0.45
654.0	0.45
654.0	0.45
654.0	0.45
654.0	0.45
654.0	0.45
654.0	0.45
654.0	0.45
654.0	0.45
654.0	0.45
654.2	0.45
654.9	0.45
654.9	0.45
654.9	0.45
654.9	0.45
654.9	0.45
654.9	0.45
654.9	0.45
654.9	0.45
655.2	0.45
655.9	0.45
655.9	0.45
655.9	0.45
655.9	0.45
655.9	0.45
656.1	0.45
656.1	0.45
656.1	0.45
656.1	0.45
656.1	0.45
656.8	0.45
657.1	0.45
657.1	0.45
657.1	0.45
657.1	0.45
657.1	0.45
657.1	0.45
657.8	0.45
657.8	0.45
658.0	0.45
658.0	0.45
658.0	0.45
658.0	0.45
658.0	0.45
658.0	0.46
658.0	0.46
658.0	0.46
658.0	0.46
659.0	0.46
659.0	0.46
659.0	0.46
659.0	0.46
659.0	0.46
659.0	0.46
659.0	0.46
659.0	0.46
659.0	0.46
659.2	0.46
659.9	0.46
659.9	0.46
659.9	0.46
659.9	0.46
659.9	0.46
659.9	0.46
659.9	0.46
659.9	0.46
659.9	0.46
659.9	0.46
659.9	0.46
660.2	0.46
660.9	0.46
660.9	0.46
660.9	0.46
660.9	0.46
660.9	0.46
660.9	0.46
660.9	0.46
660.9	0.46
660.9	0.46
661.1	0.46
661.1	0.46
661.1	0.46
661.1	0.46
661.1	0.46
661.1	0.46
661.1	0.46
661.1	0.46
661.1	0.46
661.1	0.46
661.1	0.46
661.1	0.46
661.8	0.46
661.8	0.46
661.8	0.47
662.1	0.47
662.1	0.47
662.1	0.47
662.1	0.47
662.1	0.47
662.1	0.47
662.1	0.47
662.1	0.47
662.1	0.47
662.1	0.47
662.8	0.47
662.8	0.47
663.0	0.47
663.0	0.47
663.0	0.47
663.0	0.47
663.0	0.47
663.0	0.47
663.0	0.47
663.0	0.47
663.0	0.47
664.0	0.47
664.0	0.47
664.0	0.47
664.0	0.47
664.0	0.47
664.0	0.47
664.0	0.47
664.0	0.47
664.0	0.47
664.0	0.47
664.0	0.47
664.0	0.47
664.0	0.47
664.0	0.47
664.0	0.47
664.9	0.47
664.9	0.47
664.9	0.47
664.9	0.47
664.9	0.47
664.9	0.47
664.9	0.47
664.9	0.47
664.9	0.47
664.9	0.47
664.9	0.47
665.2	0.47
665.2	0.47
665.2	0.48
665.9	0.48
665.9	0.48
665.9	0.48
665.9	0.48
665.9	0.48
665.9	0.48
665.9	0.48
666.1	0.48
666.1	0.48
666.1	0.48
666.9	0.48
666.9	0.48
666.9	0.48
666.9	0.48
666.9	0.48
666.9	0.48
667.1	0.48
667.1	0.48
667.8	0.48
667.8	0.48
667.8	0.48
667.8	0.48
668.0	0.48
668.0	0.48
668.0	0.48
668.0	0.48
668.0	0.48
668.0	0.48
668.0	0.48
668.0	0.48
669.0	0.48
669.0	0.48
669.0	0.48
669.0	0.48
669.0	0.48
669.0	0.48
669.0	0.48
669.0	0.48
669.0	0.48
669.0	0.48
669.0	0.48
669.0	0.48
669.0	0.48
669.0	0.48
670.0	0.48
670.0	0.48
670.0	0.48
670.0	0.48
670.0	0.49
670.0	0.49
670.0	0.49
670.0	0.49
670.2	0.49
670.9	0.49
670.9	0.49
670.9	0.49
671.9	0.49
671.9	0.49
672.1	0.49
672.1	0.49
672.1	0.49
672.1	0.49
672.1	0.49
672.1	0.49
672.1	0.49
672.1	0.49
672.1	0.49
672.1	0.49
672.1	0.49
672.8	0.49
672.8	0.49
673.1	0.49
673.1	0.49
673.1	0.49
673.1	0.49
673.1	0.49
673.1	0.49
673.1	0.49
673.1	0.49
673.1	0.49
673.1	0.49
673.1	0.49
674.0	0.49
674.0	0.49
674.0	0.49
674.0	0.49
674.0	0.49
674.0	0.49
674.0	0.49
674.0	0.49
674.0	0.49
674.0	0.49
674.0	0.49
674.0	0.49
674.0	0.49
674.0	0.49
674.0	0.49
674.0	0.50
674.0	0.50
674.0	0.50
675.0	0.50
675.0	0.50
675.0	0.50
675.0	0.50
675.0	0.50
675.0	0.50
675.0	0.50
675.0	0.50
675.2	0.50
675.2	0.50
675.2	0.50
675.9	0.50
675.9	0.50
675.9	0.50
675.9	0.50
675.9	0.50
675.9	0.50
676.2	0.50
676.2	0.50
676.2	0.50
676.2	0.50
676.9	0.50
676.9	0.50
676.9	0.50
676.9	0.50
676.9	0.50
676.9	0.50
677.1	0.50
677.1	0.50
677.1	0.50
677.1	0.50
677.1	0.50
677.1	0.50
677.1	0.50
677.1	0.50
677.8	0.50
677.8	0.50
677.8	0.50
678.1	0.50
678.1	0.50
678.1	0.50
678.1	0.50
678.1	0.50
678.1	0.50
678.1	0.50
678.1	0.50
678.8	0.50
678.8	0.51
678.8	0.51
678.8	0.51
679.0	0.51
679.0	0.51
679.0	0.51
679.0	0.51
679.0	0.51
679.0	0.51
679.0	0.51
679.0	0.51
679.0	0.51
680.0	0.51
680.0	0.51
680.0	0.51
680.0	0.51
680.0	0.51
680.0	0.51
680.0	0.51
680.0	0.51
680.0	0.51
680.0	0.51
680.0	0.51
680.0	0.51
680.0	0.51
680.2	0.51
680.9	0.51
680.9	0.51
680.9	0.51
680.9	0.51
680.9	0.51
681.2	0.51
681.2	0.51
681.2	0.51
681.2	0.51
681.2	0.51
681.9	0.51
681.9	0.51
682.1	0.51
682.1	0.51
682.1	0.51
682.1	0.51
682.1	0.51
682.1	0.51
682.1	0.51
682.8	0.51
682.8	0.51
683.1	0.51
683.1	0.51
683.1	0.52
683.1	0.52
683.1	0.52
683.1	0.52
683.1	0.52
683.1	0.52
683.1	0.52
683.8	0.52
683.8	0.52
684.0	0.52
684.0	0.52
684.0	0.52
684.0	0.52
684.0	0.52
684.0	0.52
684.0	0.52
685.0	0.52
685.0	0.52
685.0	0.52
685.0	0.52
685.0	0.52
685.0	0.52
685.0	0.52
685.0	0.52
685.0	0.52
685.0	0.52
685.0	0.52
685.0	0.52
685.2	0.52
685.9	0.52
685.9	0.52
685.9	0.52
685.9	0.52
685.9	0.52
685.9	0.52
685.9	0.52
685.9	0.52
686.2	0.52
686.2	0.52
686.2	0.52
686.2	0.52
686.2	0.52
686.2	0.52
686.9	0.52
686.9	0.52
686.9	0.52
686.9	0.52
686.9	0.52
686.9	0.52
686.9	0.53
686.9	0.53
687.1	0.53
687.1	0.53
687.1	0.53
687.1	0.53
687.1	0.53
687.1	0.53
687.1	0.53
687.1	0.53
687.8	0.53
687.8	0.53
687.8	0.53
687.8	0.53
688.1	0.53
688.1	0.53
688.1	0.53
688.1	0.53
688.1	0.53
688.1	0.53
688.8	0.53
688.8	0.53
688.8	0.53
688.8	0.53
689.0	0.53
689.0	0.53
689.0	0.53
689.0	0.53
689.0	0.53
689.0	0.53
689.0	0.53
689.0	0.53
690.0	0.53
690.0	0.53
690.0	0.53
690.0	0.53
690.0	0.53
690.0	0.53
690.0	0.53
690.0	0.53
690.0	0.53
690.0	0.53
690.0	0.53
690.0	0.53
690.0	0.53
690.0	0.53
690.2	0.53
690.9	0.53
690.9	0.53
690.9	0.53
690.9	0.54
690.9	0.54
690.9	0.54
690.9	0.54
690.9	0.54
690.9	0.54
690.9	0.54
690.9	0.54
690.9	0.54
691.2	0.54
691.2	0.54
691.2	0.54
691.9	0.54
691.9	0.54
691.9	0.54
691.9	0.54
691.9	0.54
691.9	0.54
692.1	0.54
692.1	0.54
692.1	0.54
692.1	0.54
692.1	0.54
692.1	0.54
692.1	0.54
692.1	0.54
692.8	0.54
692.8	0.54
692.8	0.54
693.1	0.54
693.1	0.54
693.1	0.54
693.1	0.54
693.1	0.54
693.1	0.54
693.1	0.54
693.1	0.54
693.1	0.54
693.8	0.54
693.8	0.54
693.8	0.54
694.0	0.54
694.0	0.54
694.0	0.54
694.0	0.54
694.0	0.54
694.0	0.54
694.0	0.54
694.0	0.54
694.0	0.55
694.0	0.55
694.0	0.55
695.0	0.55
695.0	0.55
695.0	0.55
695.0	0.55
695.0	0.55
695.0	0.55
695.0	0.55
695.0	0.55
695.0	0.55
695.0	0.55
695.0	0.55
695.0	0.55
695.2	0.55
695.9	0.55
695.9	0.55
695.9	0.55
695.9	0.55
695.9	0.55
696.2	0.55
696.2	0.55
696.9	0.55
696.9	0.55
696.9	0.55
696.9	0.55
697.1	0.55
697.1	0.55
697.1	0.55
697.1	0.55
697.1	0.55
697.1	0.55
697.9	0.55
697.9	0.55
697.9	0.55
697.9	0.55
697.9	0.55
698.1	0.55
698.1	0.55
698.1	0.55
698.1	0.55
698.1	0.55
698.1	0.55
698.8	0.55
698.8	0.55
698.8	0.55
698.8	0.55
699.0	0.55
699.0	0.56
699.0	0.56
699.0	0.56
699.0	0.56
699.0	0.56
699.0	0.56
699.0	0.56
699.0	0.56
699.0	0.56
700.0	0.56
700.0	0.56
700.0	0.56
700.0	0.56
700.0	0.56
700.0	0.56
701.0	0.56
701.0	0.56
701.0	0.56
701.0	0.56
701.0	0.56
701.0	0.56
701.0	0.56
701.0	0.56
701.0	0.56
701.0	0.56
701.2	0.56
701.2	0.56
701.2	0.56
701.9	0.56
701.9	0.56
701.9	0.56
701.9	0.56
701.9	0.56
701.9	0.56
701.9	0.56
701.9	0.56
701.9	0.56
701.9	0.56
702.1	0.56
702.1	0.56
702.1	0.56
702.1	0.56
702.1	0.56
702.1	0.56
702.1	0.56
702.9	0.56
702.9	0.56
702.9	0.56
703.1	0.56
703.1	0.57
703.1	0.57
703.1	0.57
703.1	0.57
703.1	0.57
703.1	0.57
703.1	0.57
703.1	0.57
703.8	0.57
704.1	0.57
704.1	0.57
704.1	0.57
704.1	0.57
704.1	0.57
705.0	0.57
705.0	0.57
705.0	0.57
705.0	0.57
705.0	0.57
705.0	0.57
705.0	0.57
705.0	0.57
706.0	0.57
706.0	0.57
706.0	0.57
706.0	0.57
706.0	0.57
706.0	0.57
706.0	0.57
706.0	0.57
706.0	0.57
706.0	0.57
706.2	0.57
706.9	0.57
706.9	0.57
706.9	0.57
706.9	0.57
706.9	0.57
706.9	0.57
706.9	0.57
707.1	0.57
707.1	0.57
707.1	0.57
707.1	0.57
707.1	0.57
707.9	0.57
707.9	0.57
707.9	0.57
707.9	0.57
707.9	0.57
707.9	0.58
708.1	0.58
708.1	0.58
708.1	0.58
708.1	0.58
708.8	0.58
709.1	0.58
709.1	0.58
709.1	0.58
709.1	0.58
710.0	0.58
710.0	0.58
710.0	0.58
710.0	0.58
710.0	0.58
710.0	0.58
710.0	0.58
710.0	0.58
710.0	0.58
710.0	0.58
710.0	0.58
711.0	0.58
711.0	0.58
711.0	0.58
711.0	0.58
711.0	0.58
711.0	0.58
711.2	0.58
711.2	0.58
711.9	0.58
712.2	0.58
712.2	0.58
712.2	0.58
712.2	0.58
712.9	0.58
712.9	0.58
712.9	0.58
712.9	0.58
712.9	0.58
712.9	0.58
712.9	0.58
713.1	0.58
713.1	0.58
713.1	0.58
713.1	0.58
713.8	0.58
713.8	0.58
713.8	0.58
713.8	0.58
714.1	0.59
714.1	0.59
714.1	0.59
714.1	0.59
714.1	0.59
714.1	0.59
714.1	0.59
714.1	0.59
714.8	0.59
715.0	0.59
715.0	0.59
715.0	0.59
715.0	0.59
715.0	0.59
715.0	0.59
715.0	0.59
716.0	0.59
716.0	0.59
716.0	0.59
716.0	0.59
716.0	0.59
716.0	0.59
716.0	0.59
716.0	0.59
716.0	0.59
716.9	0.59
716.9	0.59
716.9	0.59
716.9	0.59
716.9	0.59
716.9	0.59
717.2	0.59
717.2	0.59
717.2	0.59
717.2	0.59
717.9	0.59
717.9	0.59
717.9	0.59
717.9	0.59
717.9	0.59
717.9	0.59
717.9	0.59
717.9	0.59
717.9	0.59
718.1	0.59
718.1	0.59
718.1	0.59
718.1	0.59
718.1	0.59
718.1	0.60
718.1	0.60
718.1	0.60
718.8	0.60
718.8	0.60
718.8	0.60
718.8	0.60
719.1	0.60
719.1	0.60
719.1	0.60
719.1	0.60
719.1	0.60
719.1	0.60
719.1	0.60
719.1	0.60
719.1	0.60
719.1	0.60
719.8	0.60
720.0	0.60
720.0	0.60
720.0	0.60
720.0	0.60
720.0	0.60
720.0	0.60
720.0	0.60
720.0	0.60
720.0	0.60
720.0	0.60
720.0	0.60
720.0	0.60
721.0	0.60
721.0	0.60
721.0	0.60
721.0	0.60
721.0	0.60
721.0	0.60
721.0	0.60
721.0	0.60
721.0	0.60
721.0	0.60
721.0	0.60
721.9	0.60
721.9	0.60
721.9	0.60
721.9	0.60
721.9	0.60
721.9	0.60
721.9	0.60
721.9	0.60
721.9	0.60
721.9	0.61
721.9	0.61
722.2	0.61
722.2	0.61
722.2	0.61
722.2	0.61
722.9	0.61
722.9	0.61
722.9	0.61
722.9	0.61
722.9	0.61
723.1	0.61
723.1	0.61
723.1	0.61
723.1	0.61
723.1	0.61
723.1	0.61
723.8	0.61
723.8	0.61
723.8	0.61
724.1	0.61
724.1	0.61
724.1	0.61
724.1	0.61
724.1	0.61
724.1	0.61
724.1	0.61
724.1	0.61
724.1	0.61
724.8	0.61
724.8	0.61
724.8	0.61
725.0	0.61
725.0	0.61
725.0	0.61
725.0	0.61
725.0	0.61
725.0	0.61
725.0	0.61
725.0	0.61
725.0	0.61
725.0	0.61
726.0	0.61
726.0	0.61
726.0	0.61
726.0	0.61
726.0	0.61
726.0	0.61
726.2	0.61
726.2	0.62
726.9	0.62
726.9	0.62
726.9	0.62
726.9	0.62
726.9	0.62
726.9	0.62
727.2	0.62
727.9	0.62
727.9	0.62
727.9	0.62
727.9	0.62
727.9	0.62
727.9	0.62
727.9	0.62
728.1	0.62
728.1	0.62
728.1	0.62
728.1	0.62
728.1	0.62
728.1	0.62
728.8	0.62
729.1	0.62
729.1	0.62
729.1	0.62
729.1	0.62
729.1	0.62
729.1	0.62
729.1	0.62
729.8	0.62
730.0	0.62
730.0	0.62
730.0	0.62
730.0	0.62
730.0	0.62
730.0	0.62
731.0	0.62
731.0	0.62
731.0	0.62
731.0	0.62
731.0	0.62
731.0	0.62
731.0	0.62
731.0	0.62
731.0	0.62
731.0	0.62
731.0	0.62
731.0	0.62
731.0	0.62
731.9	0.63
731.9	0.63
731.9	0.63
731.9	0.63
731.9	0.63
731.9	0.63
731.9	0.63
731.9	0.63
731.9	0.63
731.9	0.63
731.9	0.63
731.9	0.63
731.9	0.63
731.9	0.63
732.2	0.63
732.2	0.63
732.9	0.63
732.9	0.63
732.9	0.63
732.9	0.63
732.9	0.63
733.1	0.63
733.1	0.63
733.1	0.63
733.1	0.63
733.1	0.63
733.9	0.63
733.9	0.63
734.1	0.63
734.1	0.63
734.1	0.63
734.1	0.63
734.1	0.63
734.1	0.63
734.1	0.63
734.1	0.63
734.8	0.63
735.0	0.63
735.0	0.63
735.0	0.63
735.0	0.63
735.0	0.63
735.0	0.63
735.0	0.63
735.0	0.63
735.0	0.63
736.0	0.63
736.0	0.63
736.0	0.63
736.0	0.64
736.0	0.64
736.0	0.64
736.0	0.64
736.0	0.64
736.0	0.64
736.0	0.64
736.0	0.64
736.0	0.64
736.2	0.64
737.0	0.64
737.0	0.64
737.0	0.64
737.0	0.64
737.0	0.64
737.0	0.64
737.0	0.64
737.0	0.64
737.0	0.64
737.2	0.64
737.2	0.64
737.2	0.64
737.2	0.64
737.9	0.64
737.9	0.64
737.9	0.64
737.9	0.64
738.1	0.64
738.1	0.64
738.1	0.64
738.1	0.64
738.1	0.64
738.1	0.64
738.1	0.64
738.1	0.64
738.1	0.64
738.9	0.64
738.9	0.64
738.9	0.64
738.9	0.64
738.9	0.64
738.9	0.64
738.9	0.64
738.9	0.64
738.9	0.64
739.1	0.64
739.1	0.64
739.1	0.64
739.1	0.64
739.1	0.64
739.1	0.65
739.1	0.65
739.8	0.65
739.8	0.65
739.8	0.65
740.1	0.65
740.1	0.65
740.1	0.65
741.0	0.65
741.0	0.65
741.0	0.65
741.0	0.65
741.0	0.65
741.0	0.65
742.0	0.65
742.0	0.65
742.0	0.65
742.2	0.65
742.2	0.65
742.9	0.65
742.9	0.65
742.9	0.65
742.9	0.65
742.9	0.65
743.2	0.65
743.2	0.65
743.9	0.65
743.9	0.65
743.9	0.65
744.1	0.65
744.1	0.65
744.1	0.65
744.1	0.65
744.1	0.65
744.1	0.65
744.8	0.65
744.8	0.65
745.1	0.65
745.1	0.65
745.1	0.65
745.1	0.65
746.0	0.65
746.0	0.65
746.0	0.65
746.0	0.65
746.0	0.65
746.0	0.65
746.0	0.65
746.0	0.65
746.0	0.66
747.0	0.66
747.0	0.66
747.0	0.66
747.0	0.66
747.0	0.66
747.0	0.66
747.0	0.66
747.0	0.66
747.2	0.66
747.2	0.66
747.9	0.66
748.2	0.66
748.2	0.66
748.9	0.66
748.9	0.66
748.9	0.66
749.1	0.66
749.1	0.66
749.1	0.66
750.1	0.66
750.1	0.66
750.1	0.66
750.1	0.66
751.0	0.66
751.0	0.66
751.0	0.66
751.0	0.66
751.0	0.66
751.0	0.66
751.0	0.66
751.0	0.66
751.0	0.66
751.0	0.66
751.0	0.66
751.0	0.66
751.0	0.66
752.0	0.66
752.0	0.66
752.0	0.66
752.0	0.66
752.0	0.66
752.2	0.66
752.2	0.66
752.9	0.66
752.9	0.66
752.9	0.66
752.9	0.66
752.9	0.66
753.2	0.67
753.2	0.67
753.9	0.67
753.9	0.67
753.9	0.67
753.9	0.67
754.1	0.67
754.1	0.67
754.1	0.67
754.1	0.67
754.1	0.67
754.1	0.67
754.8	0.67
755.1	0.67
755.1	0.67
755.1	0.67
755.1	0.67
755.1	0.67
755.8	0.67
756.0	0.67
756.0	0.67
756.0	0.67
756.0	0.67
756.0	0.67
756.0	0.67
756.0	0.67
756.0	0.67
757.0	0.67
757.0	0.67
757.0	0.67
757.0	0.67
757.0	0.67
757.0	0.67
757.2	0.67
757.2	0.67
757.9	0.67
757.9	0.67
757.9	0.67
757.9	0.67
757.9	0.67
757.9	0.67
758.2	0.67
758.2	0.67
758.2	0.67
758.9	0.67
758.9	0.67
758.9	0.67
758.9	0.67
758.9	0.67
759.1	0.67
759.1	0.68
759.8	0.68
759.8	0.68
759.8	0.68
760.1	0.68
760.1	0.68
760.1	0.68
760.1	0.68
760.8	0.68
760.8	0.68
761.0	0.68
761.0	0.68
761.0	0.68
761.0	0.68
761.0	0.68
761.0	0.68
761.0	0.68
762.0	0.68
762.0	0.68
762.0	0.68
762.0	0.68
762.0	0.68
762.0	0.68
762.0	0.68
762.0	0.68
762.0	0.68
762.2	0.68
762.9	0.68
762.9	0.68
762.9	0.68
762.9	0.68
762.9	0.68
762.9	0.68
763.2	0.68
763.2	0.68
763.9	0.68
763.9	0.68
763.9	0.68
764.1	0.68
764.1	0.68
764.8	0.68
764.8	0.68
764.8	0.68
764.8	0.68
765.1	0.68
765.1	0.68
765.1	0.68
765.1	0.68
765.1	0.68
765.1	0.69
765.1	0.69
765.1	0.69
766.0	0.69
766.0	0.69
766.0	0.69
766.0	0.69
766.0	0.69
766.0	0.69
767.0	0.69
767.0	0.69
767.0	0.69
767.0	0.69
767.0	0.69
767.0	0.69
767.9	0.69
767.9	0.69
767.9	0.69
767.9	0.69
767.9	0.69
767.9	0.69
767.9	0.69
767.9	0.69
767.9	0.69
767.9	0.69
767.9	0.69
767.9	0.69
768.9	0.69
768.9	0.69
768.9	0.69
769.9	0.69
769.9	0.69
769.9	0.69
769.9	0.69
769.9	0.69
770.1	0.69
770.1	0.69
770.1	0.69
770.1	0.69
770.1	0.69
770.1	0.69
770.1	0.69
770.1	0.69
770.1	0.69
770.1	0.69
771.0	0.69
771.0	0.69
772.0	0.69
772.0	0.69
772.0	0.70
772.0	0.70
772.0	0.70
772.0	0.70
773.0	0.70
773.0	0.70
773.0	0.70
773.0	0.70
773.0	0.70
773.2	0.70
773.2	0.70
773.2	0.70
773.9	0.70
773.9	0.70
773.9	0.70
774.9	0.70
774.9	0.70
775.1	0.70
775.1	0.70
775.1	0.70
775.1	0.70
775.1	0.70
775.1	0.70
775.1	0.70
775.8	0.70
776.1	0.70
776.1	0.70
776.1	0.70
776.1	0.70
776.1	0.70
776.1	0.70
777.0	0.70
777.0	0.70
777.0	0.70
777.0	0.70
777.0	0.70
777.0	0.70
777.0	0.70
777.0	0.70
778.0	0.70
778.0	0.70
778.0	0.70
778.0	0.70
778.0	0.70
778.0	0.70
778.2	0.70
778.2	0.70
778.9	0.70
778.9	0.70
778.9	0.71
778.9	0.71
778.9	0.71
779.2	0.71
779.2	0.71
779.2	0.71
779.2	0.71
779.9	0.71
779.9	0.71
779.9	0.71
779.9	0.71
779.9	0.71
779.9	0.71
779.9	0.71
780.1	0.71
780.1	0.71
780.8	0.71
781.1	0.71
781.1	0.71
781.1	0.71
781.1	0.71
781.1	0.71
782.0	0.71
782.0	0.71
782.0	0.71
782.0	0.71
782.0	0.71
782.0	0.71
782.0	0.71
782.0	0.71
782.0	0.71
783.0	0.71
783.0	0.71
783.0	0.71
783.0	0.71
783.0	0.71
783.0	0.71
783.0	0.71
783.2	0.71
783.2	0.71
783.9	0.71
783.9	0.71
783.9	0.71
783.9	0.71
783.9	0.71
783.9	0.71
783.9	0.71
783.9	0.71
784.2	0.71
784.2	0.71
784.2	0.72
784.2	0.72
784.2	0.72
784.9	0.72
784.9	0.72
784.9	0.72
784.9	0.72
785.1	0.72
785.1	0.72
785.1	0.72
785.1	0.72
785.1	0.72
786.1	0.72
786.1	0.72
786.1	0.72
786.1	0.72
786.1	0.72
786.8	0.72
787.0	0.72
787.0	0.72
787.0	0.72
787.0	0.72
787.0	0.72
787.0	0.72
787.0	0.72
788.0	0.72
788.0	0.72
788.0	0.72
788.0	0.72
788.0	0.72
788.9	0.72
788.9	0.72
788.9	0.72
788.9	0.72
788.9	0.72
788.9	0.72
788.9	0.72
788.9	0.72
789.2	0.72
790.1	0.72
791.1	0.72
791.1	0.72
791.1	0.72
792.0	0.72
792.0	0.72
792.0	0.72
792.0	0.72
792.0	0.72
792.0	0.72
792.0	0.73
793.0	0.73
793.0	0.73
793.0	0.73
793.0	0.73
793.0	0.73
793.0	0.73
793.9	0.73
794.2	0.73
794.9	0.73
794.9	0.73
794.9	0.73
794.9	0.73
795.1	0.73
795.1	0.73
795.1	0.73
795.1	0.73
795.1	0.73
795.1	0.73
795.8	0.73
796.1	0.73
796.1	0.73
796.1	0.73
797.0	0.73
797.0	0.73
797.0	0.73
797.0	0.73
797.0	0.73
798.0	0.73
798.0	0.73
798.0	0.73
798.0	0.73
798.0	0.73
798.0	0.73
798.2	0.73
798.9	0.73
798.9	0.73
798.9	0.73
798.9	0.73
798.9	0.73
798.9	0.73
798.9	0.73
798.9	0.73
799.2	0.73
799.9	0.73
799.9	0.73
799.9	0.73
800.1	0.73
800.8	0.73
800.8	0.74
800.8	0.74
801.1	0.74
802.0	0.74
802.0	0.74
802.0	0.74
802.0	0.74
802.0	0.74
802.0	0.74
802.0	0.74
803.0	0.74
803.0	0.74
803.0	0.74
803.0	0.74
803.0	0.74
803.2	0.74
803.9	0.74
803.9	0.74
803.9	0.74
803.9	0.74
803.9	0.74
803.9	0.74
803.9	0.74
804.2	0.74
804.9	0.74
804.9	0.74
805.1	0.74
805.1	0.74
805.1	0.74
805.1	0.74
805.1	0.74
806.1	0.74
806.1	0.74
806.1	0.74
806.1	0.74
806.1	0.74
806.8	0.74
806.8	0.74
806.8	0.74
806.8	0.74
806.8	0.74
807.0	0.74
807.0	0.74
807.0	0.74
808.0	0.74
808.0	0.74
809.0	0.74
809.2	0.74
809.9	0.74
809.9	0.74
809.9	0.75
809.9	0.75
809.9	0.75
809.9	0.75
810.1	0.75
810.1	0.75
810.1	0.75
810.1	0.75
810.1	0.75
810.9	0.75
810.9	0.75
811.1	0.75
811.1	0.75
811.1	0.75
811.1	0.75
811.1	0.75
811.1	0.75
811.1	0.75
812.1	0.75
812.1	0.75
812.1	0.75
812.1	0.75
812.1	0.75
812.1	0.75
813.0	0.75
813.0	0.75
813.0	0.75
813.0	0.75
813.0	0.75
813.0	0.75
813.0	0.75
813.0	0.75
813.0	0.75
814.0	0.75
814.0	0.75
814.0	0.75
814.0	0.75
814.0	0.75
814.0	0.75
814.9	0.75
815.2	0.75
815.2	0.75
815.9	0.75
815.9	0.75
815.9	0.75
815.9	0.75
815.9	0.75
815.9	0.75
816.1	0.75
816.1	0.76
816.8	0.76
817.1	0.76
817.1	0.76
817.8	0.76
818.0	0.76
818.0	0.76
818.0	0.76
818.0	0.76
818.0	0.76
819.0	0.76
819.0	0.76
819.2	0.76
819.9	0.76
819.9	0.76
819.9	0.76
820.2	0.76
820.9	0.76
820.9	0.76
821.1	0.76
821.1	0.76
821.1	0.76
821.1	0.76
821.1	0.76
821.8	0.76
822.1	0.76
822.1	0.76
822.8	0.76
823.0	0.76
823.0	0.76
823.0	0.76
823.0	0.76
823.0	0.76
824.0	0.76
824.0	0.76
824.0	0.76
824.0	0.76
824.0	0.76
824.2	0.76
824.9	0.76
824.9	0.76
824.9	0.76
824.9	0.76
824.9	0.76
824.9	0.76
825.2	0.76
825.9	0.76
825.9	0.76
825.9	0.76
826.1	0.77
826.1	0.77
826.1	0.77
826.8	0.77
827.1	0.77
827.1	0.77
827.1	0.77
827.1	0.77
827.1	0.77
827.1	0.77
827.1	0.77
827.1	0.77
827.1	0.77
827.8	0.77
827.8	0.77
828.0	0.77
828.0	0.77
828.0	0.77
828.0	0.77
828.0	0.77
828.0	0.77
829.0	0.77
829.0	0.77
829.0	0.77
829.0	0.77
829.0	0.77
829.0	0.77
829.0	0.77
829.9	0.77
829.9	0.77
829.9	0.77
829.9	0.77
830.2	0.77
830.9	0.77
830.9	0.77
830.9	0.77
831.1	0.77
831.1	0.77
831.1	0.77
832.1	0.77
832.1	0.77
832.1	0.77
832.1	0.77
832.1	0.77
833.0	0.77
833.0	0.77
833.0	0.77
833.0	0.77
833.0	0.77
834.0	0.78
834.0	0.78
834.0	0.78
834.0	0.78
834.0	0.78
834.0	0.78
834.9	0.78
834.9	0.78
835.2	0.78
835.9	0.78
836.1	0.78
836.1	0.78
836.1	0.78
836.1	0.78
836.1	0.78
837.1	0.78
837.1	0.78
837.1	0.78
838.0	0.78
839.0	0.78
839.0	0.78
839.0	0.78
839.0	0.78
839.0	0.78
839.9	0.78
839.9	0.78
839.9	0.78
839.9	0.78
839.9	0.78
839.9	0.78
839.9	0.78
839.9	0.78
840.2	0.78
840.9	0.78
840.9	0.78
840.9	0.78
841.1	0.78
841.1	0.78
841.9	0.78
841.9	0.78
842.1	0.78
842.1	0.78
842.1	0.78
842.1	0.78
842.8	0.78
842.8	0.78
842.8	0.78
843.0	0.78
843.0	0.78
844.0	0.78
844.0	0.79
844.0	0.79
845.0	0.79
845.0	0.79
845.0	0.79
845.0	0.79
845.0	0.79
845.2	0.79
845.9	0.79
845.9	0.79
845.9	0.79
846.1	0.79
846.1	0.79
846.9	0.79
847.1	0.79
847.1	0.79
847.1	0.79
847.1	0.79
847.1	0.79
847.1	0.79
847.1	0.79
847.8	0.79
848.1	0.79
848.1	0.79
848.1	0.79
848.1	0.79
849.0	0.79
850.0	0.79
850.0	0.79
850.0	0.79
850.0	0.79
850.0	0.79
850.0	0.79
851.2	0.79
851.9	0.79
851.9	0.79
851.9	0.79
851.9	0.79
852.1	0.79
852.1	0.79
852.1	0.79
852.1	0.79
853.1	0.79
853.1	0.79
853.1	0.79
853.1	0.79
853.1	0.79
853.1	0.79
854.0	0.79
854.0	0.80
854.0	0.80
855.0	0.80
855.0	0.80
855.9	0.80
855.9	0.80
855.9	0.80
855.9	0.80
856.2	0.80
856.2	0.80
856.2	0.80
856.2	0.80
856.9	0.80
856.9	0.80
856.9	0.80
857.1	0.80
857.1	0.80
857.1	0.80
857.8	0.80
858.1	0.80
858.1	0.80
860.0	0.80
860.0	0.80
860.0	0.80
860.9	0.80
860.9	0.80
860.9	0.80
860.9	0.80
861.9	0.80
861.9	0.80
861.9	0.80
862.1	0.80
862.1	0.80
863.1	0.80
863.1	0.80
863.1	0.80
863.8	0.80
864.0	0.80
864.0	0.80
865.0	0.80
865.0	0.80
865.0	0.80
865.0	0.80
865.0	0.80
865.0	0.80
865.0	0.80
865.2	0.80
865.2	0.80
865.9	0.80
865.9	0.81
865.9	0.81
865.9	0.81
866.9	0.81
866.9	0.81
866.9	0.81
866.9	0.81
866.9	0.81
867.1	0.81
867.1	0.81
867.8	0.81
867.8	0.81
867.8	0.81
868.1	0.81
868.1	0.81
868.1	0.81
869.0	0.81
869.0	0.81
869.0	0.81
870.0	0.81
870.0	0.81
870.0	0.81
870.0	0.81
870.0	0.81
870.9	0.81
870.9	0.81
870.9	0.81
870.9	0.81
871.2	0.81
871.9	0.81
871.9	0.81
872.1	0.81
872.1	0.81
872.1	0.81
872.1	0.81
872.9	0.81
872.9	0.81
873.1	0.81
873.1	0.81
873.1	0.81
873.1	0.81
874.0	0.81
875.0	0.81
875.0	0.81
875.0	0.81
875.0	0.81
875.0	0.81
875.0	0.81
875.0	0.81
875.0	0.81
875.0	0.82
875.0	0.82
875.2	0.82
875.9	0.82
875.9	0.82
875.9	0.82
875.9	0.82
875.9	0.82
875.9	0.82
875.9	0.82
875.9	0.82
876.9	0.82
877.1	0.82
877.1	0.82
877.1	0.82
877.9	0.82
877.9	0.82
877.9	0.82
877.9	0.82
877.9	0.82
877.9	0.82
877.9	0.82
878.1	0.82
878.8	0.82
879.0	0.82
879.0	0.82
879.0	0.82
880.0	0.82
880.0	0.82
880.0	0.82
881.0	0.82
881.0	0.82
881.0	0.82
881.9	0.82
881.9	0.82
882.1	0.82
882.1	0.82
882.1	0.82
882.9	0.82
882.9	0.82
883.1	0.82
883.1	0.82
883.1	0.82
883.8	0.82
884.1	0.82
884.1	0.82
884.1	0.82
884.1	0.82
884.1	0.82
884.1	0.83
884.1	0.83
885.0	0.83
885.0	0.83
885.0	0.83
885.0	0.83
885.0	0.83
885.0	0.83
886.0	0.83
886.0	0.83
886.0	0.83
886.0	0.83
886.0	0.83
886.9	0.83
886.9	0.83
886.9	0.83
887.9	0.83
887.9	0.83
888.1	0.83
888.1	0.83
888.8	0.83
889.1	0.83
889.1	0.83
889.1	0.83
889.1	0.83
890.0	0.83
890.0	0.83
890.0	0.83
890.0	0.83
890.0	0.83
890.0	0.83
891.0	0.83
891.0	0.83
891.2	0.83
891.9	0.83
891.9	0.83
891.9	0.83
891.9	0.83
892.2	0.83
892.2	0.83
892.9	0.83
892.9	0.83
892.9	0.83
893.1	0.83
893.8	0.83
893.8	0.83
894.1	0.83
894.1	0.83
894.1	0.83
894.1	0.84
894.1	0.84
894.8	0.84
895.0	0.84
895.0	0.84
896.0	0.84
896.0	0.84
896.2	0.84
896.2	0.84
896.2	0.84
896.9	0.84
896.9	0.84
896.9	0.84
897.2	0.84
897.2	0.84
897.2	0.84
897.9	0.84
897.9	0.84
897.9	0.84
898.1	0.84
898.1	0.84
898.8	0.84
899.1	0.84
899.1	0.84
899.1	0.84
900.0	0.84
900.0	0.84
900.0	0.84
900.0	0.84
900.0	0.84
900.0	0.84
900.0	0.84
901.0	0.84
901.0	0.84
901.2	0.84
901.9	0.84
901.9	0.84
902.2	0.84
902.2	0.84
902.9	0.84
902.9	0.84
903.1	0.84
903.1	0.84
904.1	0.84
904.1	0.84
904.1	0.84
904.1	0.84
904.8	0.84
905.0	0.84
905.0	0.84
905.0	0.85
905.0	0.85
905.0	0.85
906.0	0.85
906.0	0.85
906.0	0.85
906.0	0.85
906.0	0.85
906.0	0.85
906.0	0.85
906.9	0.85
906.9	0.85
906.9	0.85
907.2	0.85
907.9	0.85
907.9	0.85
907.9	0.85
907.9	0.85
907.9	0.85
907.9	0.85
907.9	0.85
908.1	0.85
908.1	0.85
908.1	0.85
909.1	0.85
909.1	0.85
909.1	0.85
909.1	0.85
909.1	0.85
909.8	0.85
910.0	0.85
910.0	0.85
910.0	0.85
910.0	0.85
910.0	0.85
910.0	0.85
911.0	0.85
911.0	0.85
911.0	0.85
911.0	0.85
911.0	0.85
911.0	0.85
911.0	0.85
911.2	0.85
912.0	0.85
912.0	0.85
912.9	0.85
912.9	0.85
912.9	0.85
912.9	0.86
913.1	0.86
913.9	0.86
913.9	0.86
913.9	0.86
915.1	0.86
915.1	0.86
915.1	0.86
915.1	0.86
915.8	0.86
917.0	0.86
917.0	0.86
917.0	0.86
917.0	0.86
917.0	0.86
917.0	0.86
917.2	0.86
917.9	0.86
918.1	0.86
918.1	0.86
918.1	0.86
918.9	0.86
918.9	0.86
920.1	0.86
920.1	0.86
920.1	0.86
920.1	0.86
920.1	0.86
921.0	0.86
921.0	0.86
922.0	0.86
922.2	0.86
922.9	0.86
922.9	0.86
922.9	0.86
923.9	0.86
924.1	0.86
925.1	0.86
926.0	0.86
927.0	0.86
927.0	0.86
927.0	0.86
927.0	0.86
927.0	0.86
927.0	0.86
927.9	0.86
927.9	0.86
927.9	0.86
927.9	0.86
928.9	0.87
929.1	0.87
929.8	0.87
930.1	0.87
930.1	0.87
930.1	0.87
930.1	0.87
930.8	0.87
930.8	0.87
930.8	0.87
930.8	0.87
931.0	0.87
931.0	0.87
931.0	0.87
931.0	0.87
931.0	0.87
931.0	0.87
932.0	0.87
932.0	0.87
932.0	0.87
932.0	0.87
932.9	0.87
932.9	0.87
932.9	0.87
932.9	0.87
932.9	0.87
933.2	0.87
933.2	0.87
933.9	0.87
933.9	0.87
933.9	0.87
934.1	0.87
934.1	0.87
934.8	0.87
934.8	0.87
934.8	0.87
935.1	0.87
935.1	0.87
936.0	0.87
936.0	0.87
936.0	0.87
937.0	0.87
937.0	0.87
937.0	0.87
937.0	0.87
937.0	0.87
937.0	0.87
937.2	0.87
937.9	0.87
937.9	0.88
937.9	0.88
937.9	0.88
937.9	0.88
938.9	0.88
938.9	0.88
938.9	0.88
938.9	0.88
939.1	0.88
939.1	0.88
939.1	0.88
939.1	0.88
940.1	0.88
940.1	0.88
940.1	0.88
940.1	0.88
941.0	0.88
941.0	0.88
942.0	0.88
942.0	0.88
942.0	0.88
942.0	0.88
942.9	0.88
942.9	0.88
942.9	0.88
942.9	0.88
942.9	0.88
943.9	0.88
943.9	0.88
944.1	0.88
944.1	0.88
944.1	0.88
944.9	0.88
944.9	0.88
944.9	0.88
946.0	0.88
946.0	0.88
946.0	0.88
947.0	0.88
947.0	0.88
947.0	0.88
948.0	0.88
948.0	0.88
948.0	0.88
948.0	0.88
948.2	0.88
950.1	0.88
950.1	0.88
950.1	0.88
950.1	0.88
951.1	0.89
951.1	0.89
952.0	0.89
952.0	0.89
952.0	0.89
952.0	0.89
953.2	0.89
953.2	0.89
953.9	0.89
953.9	0.89
953.9	0.89
953.9	0.89
954.9	0.89
955.1	0.89
955.1	0.89
956.1	0.89
956.8	0.89
956.8	0.89
957.0	0.89
957.0	0.89
957.0	0.89
958.0	0.89
958.0	0.89
958.0	0.89
958.0	0.89
958.9	0.89
959.2	0.89
959.9	0.89
959.9	0.89
959.9	0.89
960.1	0.89
960.8	0.89
961.1	0.89
961.1	0.89
961.1	0.89
961.1	0.89
961.1	0.89
961.1	0.89
963.0	0.89
963.0	0.89
963.0	0.89
963.0	0.89
963.0	0.89
963.0	0.89
963.0	0.89
963.9	0.89
963.9	0.89
963.9	0.89
963.9	0.89
964.9	0.90
965.1	0.90
965.8	0.90
966.1	0.90
967.0	0.90
968.0	0.90
968.0	0.90
968.0	0.90
968.0	0.90
968.0	0.90
968.0	0.90
968.9	0.90
968.9	0.90
969.2	0.90
969.9	0.90
970.1	0.90
971.1	0.90
971.1	0.90
971.8	0.90
972.0	0.90
973.0	0.90
973.0	0.90
973.0	0.90
973.0	0.90
973.9	0.90
973.9	0.90
973.9	0.90
974.9	0.90
974.9	0.90
975.8	0.90
976.1	0.90
976.1	0.90
976.8	0.90
977.0	0.90
977.0	0.90
977.0	0.90
978.0	0.90
978.9	0.90
978.9	0.90
979.2	0.90
979.2	0.90
979.9	0.90
979.9	0.90
981.8	0.90
982.0	0.90
982.0	0.90
982.0	0.90
983.0	0.90
983.0	0.90
983.0	0.91
983.0	0.91
984.0	0.91
984.0	0.91
984.2	0.91
984.2	0.91
984.9	0.91
984.9	0.91
985.1	0.91
987.1	0.91
988.0	0.91
988.0	0.91
988.0	0.91
988.0	0.91
988.0	0.91
989.0	0.91
989.0	0.91
989.0	0.91
989.0	0.91
989.2	0.91
989.9	0.91
989.9	0.91
989.9	0.91
990.2	0.91
990.2	0.91
990.9	0.91
990.9	0.91
990.9	0.91
990.9	0.91
991.1	0.91
991.1	0.91
991.1	0.91
991.8	0.91
991.8	0.91
992.1	0.91
992.1	0.91
992.1	0.91
993.0	0.91
993.0	0.91
994.0	0.91
994.0	0.91
994.0	0.91
994.9	0.91
994.9	0.91
995.2	0.91
995.9	0.91
996.1	0.91
996.1	0.91
996.1	0.91
996.8	0.91
997.8	0.92
998.0	0.92
998.0	0.92
998.0	0.92
998.0	0.92
999.0	0.92
999.9	0.92
1000.2	0.92
1001.1	0.92
1001.1	0.92
1001.1	0.92
1001.1	0.92
1001.8	0.92
1002.1	0.92
1002.1	0.92
1003.0	0.92
1003.0	0.92
1003.0	0.92
1003.0	0.92
1003.0	0.92
1004.0	0.92
1004.0	0.92
1004.0	0.92
1004.2	0.92
1004.9	0.92
1004.9	0.92
1005.2	0.92
1006.1	0.92
1006.1	0.92
1006.8	0.92
1007.1	0.92
1007.8	0.92
1008.0	0.92
1008.0	0.92
1009.0	0.92
1009.0	0.92
1009.9	0.92
1009.9	0.92
1009.9	0.92
1010.2	0.92
1010.9	0.92
1011.1	0.92
1011.8	0.92
1011.8	0.92
1012.1	0.92
1012.8	0.92
1012.8	0.92
1013.0	0.92
1014.0	0.92
1014.0	0.93
1014.0	0.93
1014.9	0.93
1014.9	0.93
1015.2	0.93
1015.9	0.93
1015.9	0.93
1016.1	0.93
1016.9	0.93
1017.1	0.93
1018.0	0.93
1018.0	0.93
1018.0	0.93
1019.0	0.93
1020.0	0.93
1020.0	0.93
1021.1	0.93
1021.9	0.93
1022.1	0.93
1022.1	0.93
1022.8	0.93
1023.1	0.93
1023.1	0.93
1023.1	0.93
1024.0	0.93
1024.0	0.93
1025.0	0.93
1025.9	0.93
1026.2	0.93
1027.1	0.93
1027.1	0.93
1027.8	0.93
1028.1	0.93
1029.0	0.93
1029.0	0.93
1030.0	0.93
1030.0	0.93
1031.9	0.93
1032.1	0.93
1032.1	0.93
1032.8	0.93
1033.1	0.93
1033.1	0.93
1033.1	0.93
1034.0	0.93
1035.0	0.93
1035.9	0.93
1035.9	0.93
1035.9	0.93
1036.2	0.94
1037.1	0.94
1037.1	0.94
1038.1	0.94
1039.0	0.94
1040.0	0.94
1040.0	0.94
1040.0	0.94
1040.9	0.94
1040.9	0.94
1041.2	0.94
1041.9	0.94
1042.1	0.94
1042.1	0.94
1043.1	0.94
1043.8	0.94
1044.0	0.94
1044.0	0.94
1044.0	0.94
1045.0	0.94
1045.0	0.94
1045.9	0.94
1046.2	0.94
1047.1	0.94
1047.1	0.94
1048.1	0.94
1048.1	0.94
1048.1	0.94
1048.1	0.94
1048.1	0.94
1049.0	0.94
1049.0	0.94
1049.0	0.94
1050.0	0.94
1050.9	0.94
1050.9	0.94
1051.2	0.94
1051.9	0.94
1051.9	0.94
1052.1	0.94
1053.1	0.94
1053.1	0.94
1053.1	0.94
1053.8	0.94
1053.8	0.94
1053.8	0.94
1054.0	0.94
1055.0	0.94
1056.0	0.94
1056.9	0.95
1056.9	0.95
1057.1	0.95
1057.1	0.95
1057.1	0.95
1057.9	0.95
1058.8	0.95
1059.1	0.95
1059.1	0.95
1059.1	0.95
1059.1	0.95
1060.0	0.95
1060.0	0.95
1060.0	0.95
1060.0	0.95
1061.9	0.95
1061.9	0.95
1062.9	0.95
1063.1	0.95
1063.8	0.95
1065.0	0.95
1066.0	0.95
1066.9	0.95
1066.9	0.95
1067.9	0.95
1067.9	0.95
1068.1	0.95
1068.8	0.95
1069.1	0.95
1070.0	0.95
1071.2	0.95
1071.9	0.95
1073.1	0.95
1073.1	0.95
1074.1	0.95
1074.1	0.95
1074.1	0.95
1074.1	0.95
1075.0	0.95
1075.0	0.95
1075.0	0.95
1076.0	0.95
1076.0	0.95
1076.0	0.95
1076.9	0.95
1076.9	0.95
1076.9	0.95
1077.2	0.95
1078.1	0.95
1081.0	0.95
1081.0	0.96
1081.0	0.96
1081.0	0.96
1081.0	0.96
1081.0	0.96
1083.9	0.96
1084.1	0.96
1084.1	0.96
1084.8	0.96
1085.0	0.96
1085.0	0.96
1086.0	0.96
1087.0	0.96
1087.0	0.96
1087.9	0.96
1087.9	0.96
1088.1	0.96
1089.1	0.96
1090.0	0.96
1091.0	0.96
1091.0	0.96
1091.0	0.96
1092.9	0.96
1093.9	0.96
1094.1	0.96
1094.8	0.96
1095.1	0.96
1095.1	0.96
1095.1	0.96
1097.0	0.96
1097.0	0.96
1097.9	0.96
1098.2	0.96
1098.2	0.96
1099.1	0.96
1101.0	0.96
1102.0	0.96
1102.0	0.96
1102.0	0.96
1102.9	0.96
1104.1	0.96
1106.0	0.96
1107.2	0.96
1107.9	0.96
1108.9	0.96
1109.1	0.96
1111.0	0.96
1112.9	0.96
1112.9	0.96
1113.2	0.97
1114.8	0.97
1117.0	0.97
1117.0	0.97
1117.0	0.97
1117.0	0.97
1118.9	0.97
1118.9	0.97
1120.1	0.97
1120.1	0.97
1121.0	0.97
1123.0	0.97
1123.0	0.97
1123.9	0.97
1124.9	0.97
1125.1	0.97
1126.1	0.97
1126.1	0.97
1126.1	0.97
1127.0	0.97
1128.2	0.97
1128.9	0.97
1130.1	0.97
1130.1	0.97
1131.1	0.97
1132.0	0.97
1132.0	0.97
1133.0	0.97
1135.1	0.97
1135.1	0.97
1135.1	0.97
1137.0	0.97
1138.9	0.97
1139.2	0.97
1140.1	0.97
1142.0	0.97
1143.0	0.97
1145.1	0.97
1145.1	0.97
1146.1	0.97
1147.0	0.97
1152.0	0.97
1155.1	0.97
1156.8	0.97
1157.0	0.97
1158.0	0.97
1159.0	0.97
1159.9	0.97
1159.9	0.97
1160.1	0.98
1160.1	0.98
1160.9	0.98
1161.1	0.98
1162.1	0.98
1163.0	0.98
1163.0	0.98
1164.2	0.98
1165.9	0.98
1166.8	0.98
1170.9	0.98
1171.1	0.98
1173.0	0.98
1174.9	0.98
1175.9	0.98
1179.0	0.98
1179.9	0.98
1179.9	0.98
1181.1	0.98
1182.1	0.98
1183.0	0.98
1183.0	0.98
1184.9	0.98
1185.9	0.98
1185.9	0.98
1188.0	0.98
1191.1	0.98
1191.9	0.98
1192.1	0.98
1193.0	0.98
1193.0	0.98
1194.0	0.98
1195.9	0.98
1196.9	0.98
1200.9	0.98
1200.9	0.98
1200.9	0.98
1202.1	0.98
1202.8	0.98
1204.0	0.98
1207.1	0.98
1207.8	0.98
1212.8	0.98
1215.9	0.98
1215.9	0.98
1217.8	0.98
1218.1	0.98
1220.0	0.98
1222.8	0.98
1225.0	0.98
1227.1	0.99
1228.1	0.99
1229.0	0.99
1230.0	0.99
1232.1	0.99
1232.9	0.99
1239.1	0.99
1241.0	0.99
1243.8	0.99
1252.9	0.99
1253.8	0.99
1253.8	0.99
1254.1	0.99
1255.0	0.99
1256.0	0.99
1256.0	0.99
1256.9	0.99
1260.0	0.99
1261.0	0.99
1261.9	0.99
1264.1	0.99
1265.0	0.99
1267.2	0.99
1267.9	0.99
1267.9	0.99
1269.1	0.99
1272.2	0.99
1277.9	0.99
1277.9	0.99
1278.9	0.99
1278.9	0.99
1281.0	0.99
1281.0	0.99
1281.0	0.99
1281.0	0.99
1282.2	0.99
1283.2	0.99
1283.9	0.99
1284.8	0.99
1293.2	0.99
1296.0	0.99
1298.0	0.99
1303.0	0.99
1304.1	0.99
1308.9	0.99
1322.0	0.99
1322.0	0.99
1324.9	0.99
1328.9	0.99
1334.9	1.00
1337.1	1.00
1339.0	1.00
1339.0	1.00
1347.1	1.00
1354.0	1.00
1354.0	1.00
1357.1	1.00
1380.0	1.00
1397.1	1.00
1405.0	1.00
1410.0	1.00
1414.1	1.00
1448.2	1.00
1450.1	1.00
1467.0	1.00
1468.9	1.00
1485.1	1.00
1512.1	1.00
1529.2	1.00
1575.0	1.00
1596.9	1.00
1656.1	1.00
1798.9	1.00
1951.2	1.00
